1.00032
0
0
0
1.00128
1.00026
1.00239
1.00017
1.0004
1.00011
1.00006
0
1.00005
0
1.00006
1.00015
1.00027
1.00051
1.00011
1.00018
1.00032
1.00021
1.00025
0
1.00006
0
0
1.00011
1.00009
1.00014
1.00006
1.00002
1.00023
1.00022
1.00002
0
1.00005
0
0
1.00018
1.00006
1.00019
1.0002
1.0001
1.00019
1.00005
1.00005
0
1.00004
0
0
0
1.00084
1.00075
1.00022
1.00021
1.00086
1.00016
1.00014
0
1.00006
1.00004
1.00004
1.0001
1.00068
1.00033
1.0001
1.0003
1.00045
1.00018
1.00012
0
1.00007
0
0
1.00015
1.00003
1.00013
1.00008
1.00007
1.0001
1.00013
1.00006
0
1.00007
0
0
1.00004
1.00008
1.00019
1.00016
1.00002
1.00062
1.00013
1.00006
0
1.00012
0
0
0
1.00115
1.00043
1.00023
1.00015
1.00058
1.00007
1.00016
0
1.00016
0
1.00007
0
1.00094
1.00022
1.00057
1.00021
1.0004
1.00042
1.00035
0
1.00006
1.00003
1.00005
1.00001
1.00003
1.00027
1.00006
1.00006
1.00103
1.00019
1.00014
0
1.00006
0
1.00003
1.0001
1.00001
1.0002
1.00013
1.00008
1.00017
1.00003
1.00006
0
1.00015
1.00005
0
1.00031
1.00039
1.00018
1.00017
1.00007
1.00077
1.00005
1.00009
0
1.00019
0
0
0
1.00107
1.00043
1.00136
1.00036
1.00053
1.00016
1.00021
0
1.00006
0
1.00005
1.00009
1.00003
1.00012
1.00009
1.00007
1.00014
1.00014
1.00022
0
1.00006
0
1.00001
1.00007
1.00007
1.00022
1.00016
1.00004
1.00039
1.00016
1.00011
0
1.00005
0
1.00004
1.0001
1.00009
1.00019
1.00013
1.00011
1.00025
1.00005
1.00011
0
1.00023
0
0
0
1.00105
1.00072
1.00022
1.00028
1.00077
1.00021
1.00025
0
1.00006
0
0
1.0001
1.00004
1.00012
1.00016
1.0001
1.0003
1.00026
1.00003
0
1.00013
0
0
1.00006
1.00018
1.00069
1.00048
1.00026
1.00208
1.00027
1.00008
0
1.00004
1.00006
1.00007
1.00007
1.00004
1.00027
1.00021
1.00019
1.00124
1.00009
1.00073
0
1.00022
0
0
0
1.00136
1.00032
1.0022
1.00028
1.00063
1.00014
1.00015
0
1.00006
0
1.00005
1.0002
1.00019
1.00038
1.00014
1.00008
1.00031
1.00021
1.0003
0
1.00006
0
0
1.00006
1.00007
1.00016
1.00012
1.00006
1.00025
1.00023
1.00014
0
1.00005
0
0
1.00012
1.00005
1.00021
1.00016
1.00011
1.0002
1.00006
1.00006
0
1.00004
0
0
0
1.00092
1.00084
1.00018
1.00025
1.00085
1.00015
1.0002
0
1.00008
1.00002
1.00003
1.00011
1.00018
1.00037
1.00014
1.00028
1.00043
1.00017
1.00006
0
1.00006
0
0
1.00008
1.00003
1.00015
1.00008
1.00005
1.00009
1.00005
1.00011
0
1.00007
0
0
1.00005
1.00007
1.0002
1.00015
1.00004
1.00062
1.00014
1.00014
0
1.00012
0
0
0
1.00125
1.00011
1.00025
1.00018
1.00062
1.00009
1.00011
0
1.00015
0
1.00007
0
1.00075
1.0002
1.00046
1.00022
1.00055
1.0004
1.00012
0
1.00008
1.00003
1.00003
0
1.00005
1.00033
1.00005
1.00012
1.00102
1.00021
1.0001
0
1.00006
0
1.00002
1.00006
1.00038
1.00096
1.00049
1.00006
1.00085
1.00015
1.0001
0
1.00005
0
0
0
1.0007
1.00081
1.00049
1.00004
1.00125
1.00013
1.00015
0
1.00007
0
1.00008
0
1.00103
1.00119
1.00009
1.00025
1.00094
1.00026
1.00014
0
1.00005
0
1.00002
1.00004
1.00037
1.00126
1.00036
1.00003
1.00135
1.00014
1.00012
0
1.00007
0
1.00002
1.00004
1.00002
1.00105
1.00049
1.00008
1.00074
1.00017
1.00007
0
1.00016
0
1.00011
1.00026
1.00045
1.00082
1.0005
1.00005
1.0014
1.00009
1.00024
0
1.00005
0
1.00008
0
1.00127
1.00113
1.00014
1.00021
1.00069
1.00025
1.00014
0
1.00009
0
1.00002
1.00006
1.00007
1.00124
1.00027
1.00006
1.00143
1.00017
1.00021
0
1.00014
1.00008
0
1.0001
1.0001
1.00066
1.00053
1.00036
1.00216
1.00031
1.00006
0
1.00006
0
1.00007
1.00013
1.00007
1.00024
1.00019
1.0002
1.00128
1.00003
1.00007
0
1.00016
0
0
0
1.00133
1.00058
1.00025
1.00029
1.00052
1.00013
1.00013
0
1.00011
0
1.00004
1.00012
1.00013
1.0003
1.00015
1.00005
1.00024
1.00018
1.00025
0
1.00006
0
0
1.0001
0
1.00019
1.00015
1.00006
1.00026
1.00022
1.0002
0
1.00004
0
0
1.00019
1.00011
1.00018
1.00009
1.00009
1.00021
1.00005
1.0001
0
1.00026
1.00003
0
0
1.00102
1.00058
1.00019
1.00024
1.00086
1.00018
1.0001
0
1.00006
1.00004
0
1.00007
1.00038
1.00037
1.00014
1.00023
1.00037
1.00023
1.00015
0
1.00008
0
0
1.00014
1.00002
1.00015
1.00006
1.00005
1.00012
1.00009
1.0002
0
1.00007
0
0
1.00004
1.00006
1.00018
1.00019
1.00009
1.00065
1.00011
1.00005
0
1.00016
1.00007
0
0
1.00133
1.00058
1.00027
1.00017
1.00061
1.0001
1.00013
0
1.00016
0
0
0
1.0006
1.00021
1.00039
1.00021
1.00068
1.00036
1.00017
0
1.00007
0
1.00005
1.00002
1.00004
1.00035
1.00006
1.00011
1.00098
1.00021
1.00014
0
1.00006
0
0
1.00011
1.00001
1.00021
1.00015
1.00012
1.00017
1.00004
1.00009
0
1.00007
0
0
0
1.00062
1.00047
1.00019
1.00014
1.00083
1.00011
1.00008
0
1.0001
0
1.00008
0
1.00094
1.00051
1.00018
1.00026
1.00045
1.00015
1.00017
0
1.00007
0
0
1.0001
1.00001
1.00013
1.00009
1.00008
1.00007
1.0001
1.00012
0
1.00006
0
1.00002
1.00005
1.00009
1.00019
1.00021
1.00006
1.00051
1.00018
1.00025
0
1.00004
0
0
1.00015
1.00049
1.00017
1.00012
1.0001
1.00026
1.00005
1.00008
0
1.0002
0
0
1.00051
1.00094
1.00118
1.00018
1.00029
1.00069
1.00022
1.00024
0
1.00004
0
0
1.00008
1.00003
1.00009
1.00014
1.00003
1.00023
1.00025
1.00008
0
1.00006
0
0
1.00005
1.00019
1.00069
1.00041
1.00029
1.00155
1.00032
1.00008
0
1.00008
0
0
1.00013
1.00006
1.00022
1.00021
1.00016
1.00279
1.00011
1.00006
0
1.00011
0
0
0
1.00132
1.00065
1.00022
1.00035
1.00082
1.0002
1.00025
0
1.00011
0
1.00004
1.00014
1.00008
1.00026
1.00009
1.00012
1.0002
1.00018
1.0001
0
1.00005
0
0
1.00006
1.00006
1.0002
1.0009
1.00003
1.00031
1.00022
1.00013
0
1.00004
0
1.00002
1.00017
1.00005
1.00017
1.00017
1.00011
1.00012
1.00005
1.00012
0
1.00026
0
0
0
1.00106
1.00061
1.00018
1.00028
1.00083
1.00019
1.00078
0
1.00007
1.00003
1.00005
1.00007
1.00028
1.00034
1.00015
1.00022
1.00037
1.00024
1.0001
0
1.00008
0
0
1.0001
1.00002
1.00016
1.00007
1.00004
1.00012
1.00009
1.00013
0
1.00008
0
0
1.00007
1.00005
1.00019
1.00019
1.00005
1.00068
1.0001
1.00038
0
1.00009
0
0
0
1.00137
1.00019
1.0003
1.00016
1.00061
1.00012
1.00008
0
1.00015
0
0
0
1.0005
1.0002
1.00028
1.00017
1.00085
1.00031
1.00017
0
1.00008
0
1.00006
1.00002
1.00004
1.00036
1.00006
1.00008
1.00103
1.00018
1.00016
0
1.00006
0
1.00003
1.00006
1.00038
1.00091
1.00048
1.00005
1.00108
1.00013
1.00006
0
1.00017
0
0
0
1.00097
1.00085
1.00049
1.00018
1.00116
1.00014
1.00017
0
1.00006
0
1.00008
0
1.00072
1.00123
1.00018
1.00018
1.0012
1.00027
1.00017
0
1.00006
0
0
1.00004
1.00036
1.00127
1.00039
1.00003
1.00136
1.00015
1.00013
0
1.00007
0
1.00002
1.00005
1.0004
1.00096
1.00048
1.00006
1.00088
1.00014
1.00033
0
1.00017
0
0
0
1.0007
1.00082
1.00052
1.00014
1.00125
1.00014
1.00018
0
1.00005
0
0
1.00034
1.001
1.00103
1.00031
1.00018
1.00102
1.00025
1.0002
0
1.00007
0
1.00002
1.00008
1.00036
1.00124
1.00036
1.00005
1.00138
1.00014
1.00024
0
1.00012
0
0
1.00014
1.00011
1.00068
1.00049
1.00052
1.00134
1.00049
1.00029
0
1.00009
0
1.00008
1.00008
1.00022
1.0002
1.00028
1.00049
1.0004
1.00021
1.0001
0
1.00133
0
0
1.0013
1.00547
1.00125
1.00021
1.0007
1.00078
1.00012
1.00035
0
1.00026
1.00025
1.00028
1.00008
1.00052
1.00087
1.00053
1.00049
1.00094
1.00016
1.00008
0
1.00026
1.0001
0
1.0002
1.00052
1.00181
1.00191
1.00017
1.00043
1.0002
1.00019
0
1.00007
1.00007
1.00011
1.00022
1.00079
1.00039
1.00263
1.00009
1.00025
1.00008
1.00014
0
1.00058
1.00028
0
1.00084
1.0012
1.00486
1.0003
1.00032
1.0016
1.00015
1.00013
0
1.00014
1.00018
1.00019
1.00055
1.00079
1.00123
1.00055
1.00021
1.0005
1.00025
1.00006
0
1.00008
0
1.00011
1.00026
1.00006
1.00088
1.00009
1.00004
1.00043
1.00009
1.00011
0
1.00011
0
0
1.00011
1.0004
1.00152
1.00012
1.00008
1.00035
1.00021
1.00004
0
1.00034
0
0
0
1.00326
1.00438
1.00036
1.00019
1.00095
1.00038
1.00007
0
1.0001
0
1.00008
1.00008
1.00151
1.00149
1.00016
1.00014
1.00069
1.00033
1.00014
0
1.00006
0
0
1.00004
1.00013
1.00438
1.00016
1.00011
1.0013
1.00028
1.00011
0
1.00007
0
1.00006
1.00018
1.00012
1.0006
1.00195
1.00009
1.0002
1.00012
1.00009
0
1.00015
0
1.0002
0
1.00205
1.00369
1.00024
1.00012
1.00146
1.00024
1.00015
0
1.0005
0
1.00058
1.001
1.00341
1.0019
1.00017
1.00013
1.00041
1.00018
1.00027
0
1.00012
0
1.00009
1.0002
1.00008
1.00075
1.00004
1.00013
1.00064
1.0001
1.00031
0
1.00016
0
1.00005
1.0001
1.00042
1.0019
1.00042
1.00017
1.0005
1.00016
1.00009
0
1.00105
0
1.00035
1.00037
1.00327
1.00209
1.00014
1.00008
1.00009
1.00016
1.00019
0
1.0003
0
0
1.00052
0
1.00413
1.00027
1.00024
1.00012
1.00023
1.00009
0
1.00002
0
1.00005
1.00032
1.0002
1.00061
1.00007
1.00014
1.00016
1.00022
1.00007
0
1.00006
0
1.00009
1.00015
1.00118
1.00734
1.00059
1.0002
1.00183
1.00043
1.00034
0
1.00005
0
0
1.00038
1.00163
1.00061
1.00021
1.00018
1.00343
1.0001
1.00014
0
1.00068
0
1.0005
0
1.00141
1.00326
1.00126
1.00012
1.0012
1.00011
1.00012
0
1.00007
0
1.00007
1.00029
1.00022
1.00099
1.00009
1.00005
1.00084
1.0002
1.00017
0
1.00018
1.00005
0
1.00025
1.00052
1.00185
1.0018
1.00007
1.00011
1.00018
1.00043
0
1.00009
0
1.00011
1.00019
1.00115
1.00044
1.00297
1.0001
1.00031
1.00016
1.00008
0
0
0
1.0003
1.00077
1.00122
1.0051
1.00036
1.00034
1.00104
1.00012
1.00009
0
1.00012
1.00013
1.00012
1.00049
1.00049
1.00104
1.00131
1.00012
1.00019
1.00021
1.0002
0
1.00011
0
0
1.00019
1.00007
1.00089
1.00006
1.00007
1.00062
1.00007
1.00015
0
1.00012
0
0
1.00008
1.00029
1.00132
1.00019
1.00014
1.0005
1.00023
1.00003
0
1.00004
0
0
0
1.00351
1.00496
1.00027
1.00028
1.00057
1.00033
1.00015
0
1.00006
1.00009
0
1.00006
1.001
1.00141
1.00015
1.00033
1.00092
1.00026
1.00015
0
1.00008
0
1.00003
1.00006
1.00013
1.00427
1.00019
1.00009
1.00151
1.00021
1.00007
0
1.00013
0
1.00008
1.0001
1.00069
1.01011
1.00058
1.00008
1.00246
1.00013
1.00004
0
1.00019
0
1.00028
1.00044
1.00375
1.00767
1.00067
1.00026
1.00131
1.00024
1.00016
0
1.00016
0
1.0002
1.0002
1.00047
1.00787
1.00029
1.00016
1.00244
1.00028
1.00019
0
0
1.00007
0
1.00005
1.00388
1.00991
1.00033
1.00007
1.00119
1.00018
1.0001
0
1.00078
0
1.00006
1.00005
1.00041
1.00948
1.00036
1.00003
1.00218
1.00004
1.00016
0
1.00035
0
1.00023
1.00035
1.00349
1.00684
1.00028
1.00003
1.00117
1.00017
1.00007
0
1.00014
1.00024
0
1.00036
1.00124
1.00807
1.00044
1.00032
1.00221
1.00024
1.00006
0
1.00007
0
1.00009
1.00006
1.00387
1.01007
1.00011
1.00007
1.0005
1.00014
1.00012
0
1.00007
0
1.00007
1.00005
1.00323
1.00716
1.00257
1.0005
1.00183
1.00067
1.00014
0
1.00004
0
1.00004
0
1.00204
1.00065
1.00018
1.00028
1.00265
1.00026
1.00026
0
1.00478
0
0
1.005
1.00982
1.00925
1.00043
1.00085
1.00123
1.00016
1.00069
0
1.00079
1.00199
0
1.00035
1.0001
1.00082
1.00025
1.00045
1.00065
1.00027
1.00015
0
1.00176
1.01553
0
1.00973
1.00042
1.00143
1.00163
1.00008
1.0003
1.00024
1.00011
0
1.00549
0
1.011
1.02703
1.00177
1.00074
1.00007
1.00009
1.00012
1.00007
1.00012
0
1.00492
0
0
1.0057
1.01122
1.00334
1.00069
1.00066
1.00095
1.00033
1.00027
0
1.00129
1.00185
1.00117
1.00076
1.00069
1.00142
1.0014
1.00006
1.00046
1.00027
1.00018
0
1.00174
1.01277
0
1.00772
1.00014
1.00071
1.00028
1.00007
1.0003
1.0002
1.00035
0
1.00403
0
1.01314
1.02373
1.00095
1.0007
1.00014
1.00005
1.00016
1.00016
1.00016
0
1.00635
1.00655
0
0
1.01364
1.00556
1.00094
1.00018
1.00051
1.00024
1.0001
0
1.00137
1.00143
1.0012
1.00084
1.00214
1.0017
1.00019
1.00025
1.00135
1.00017
1.00053
0
1.00142
1.00958
0
1.00478
1.00004
1.00357
1.00019
1.00017
1.00197
1.00021
1.00035
0
1.00423
0
1.01492
1.02052
1.00022
1.00025
1.0001
1.00003
1.00011
1.00004
1.00016
0
1.00536
1.00577
0
0
1.00659
1.00482
1.0014
1.00046
1.00085
1.00026
1.00031
0
1.00228
1.00222
1.00192
1.00193
1.0034
1.00387
1.00034
1.0004
1.0006
1.00025
1.00031
0
1.00146
1.00708
0
1.00407
1.00014
1.00067
1.00018
1.00006
1.00052
1.00013
1.00014
0
1.00309
1.0172
0
1.01684
1.00044
1.00104
1.00017
1.00007
1.00011
1.00018
1.00009
0
1.00577
1.0072
0
0
1.00757
1.0032
1.00096
1.00012
1.00009
1.00008
1.0001
0
1.00281
0
0
1.00265
1.00302
1.0036
1.00087
1.00012
1.00041
1.00034
1.00042
0
1.00153
1.00459
0
1.00249
1.00018
1.00035
1.00017
1.00007
1.00033
1.00014
1.00033
0
1.00277
1.01718
0
1.01254
1.00069
1.00255
1.00055
1.00021
1.00072
1.00039
1.00046
0
1.00524
0
1.00776
0
1.00595
1.0021
1.0006
1.00017
1.00172
1.00018
1.00015
0
1.00461
0
0
1.00482
1.01001
1.00445
1.00158
1.00024
1.00078
1.00019
1.00026
0
1.00164
1.00277
0
1.00199
1.00009
1.00076
1.00012
1.00012
1.00056
1.00013
1.00015
0
1.00216
1.018
0
1.01108
1.00043
1.00119
1.00018
1.00007
1.0002
1.00013
1.00043
0
1.00086
0
1.00996
1.02832
1.00266
1.00105
1.00007
1.00007
1.00018
1.00005
0
0
1.00477
0
0
1.00546
1.01113
1.00332
1.00092
1.0006
1.00101
1.00024
1.00033
0
1.00026
1.00172
0
1.00031
1.00038
1.00097
1.00106
1.00006
1.00013
1.00025
1.00037
0
1.00205
1.01588
0
1.00858
1.00019
1.00062
1.00061
1.00015
1.00054
1.00023
1.00035
0
1.00524
0
1.01198
1.02536
1.00127
1.0007
1.00004
1.0001
1.00028
1.00013
1.00006
0
1.00594
0
0
1.00649
1.01284
1.00716
1.00195
1.00078
1.00036
1.0003
1.00021
0
1.0009
1.00122
1.00092
1.00077
1.00114
1.00173
1.0002
1.00023
1.00143
1.00015
1.00039
0
1.00158
1.01319
0
1.00569
1.00024
1.00017
1.00024
1.00014
1.00049
1.00039
1.00015
0
1.00006
0
1.00006
0
1.00049
1.00084
1.00045
1.00004
1.00139
1.00005
1.00015
0
1.00033
1.00019
0
0
1.00207
1.00095
1.0004
1.00016
1.0009
1.00018
1.00016
0
1.00009
1.00006
0
1.00011
1.00025
1.00134
1.00023
1.00008
1.00137
1.00018
1.00013
0
1.00007
0
1.00003
1.00006
1.00031
1.00124
1.00049
1.00004
1.00193
1.00017
1.00006
0
1.00007
0
1.00004
1.00003
1.00033
1.00087
1.00048
1.00008
1.00123
1.00011
1.00019
0
1.00045
1.00015
0
1.00054
1.00182
1.00114
1.0007
1.00021
1.00099
1.00015
1.00007
0
1.00012
0
0
1.00016
1.00054
1.00103
1.00026
1.00021
1.00143
1.00032
1.00017
0
1.00007
0
1.00003
1.00003
1.00035
1.0013
1.00046
1.00006
1.0013
1.00017
1.0002
0
1.00009
0
1.00005
1.00008
1.00008
1.00066
1.0005
1.00021
1.0013
1.00017
1.00008
0
1.00034
1.00016
1.00015
0
1.00118
1.0003
1.00111
1.00021
1.00185
1.00017
1.00014
0
1.00451
0
0
1.00429
1.00933
1.00531
1.00078
1.00028
1.00093
1.00023
1.00009
0
1.00104
1.00387
0
1.0023
1.00012
1.00064
1.00007
1.00003
1.00062
1.00007
1.00006
0
1.00213
1.01797
0
1.01155
1.00039
1.00118
1.00083
1.00007
1.00045
1.00012
1.00017
0
1.00133
0
1.00892
1.02917
1.00347
1.00132
1.00021
1.00012
1.00045
1.00023
1.0001
0
1.00392
0
0
1.00449
1.00978
1.00238
1.0025
1.00079
1.00032
1.00018
1.0002
0
1.00141
1.00203
0
1.00016
1.00018
1.00066
1.00021
1.00073
1.0004
1.00028
1.0001
0
1.00234
1.01581
0
1.00928
1.00024
1.00066
1.00035
1.00079
1.00039
1.00014
1.00029
0
1.00446
0
1.01041
1.02706
1.0018
1.00066
1.00027
1.00009
1.00023
1.00005
1.00007
0
1.00535
0
0
1.00616
1.01332
1.00503
1.00074
1.00054
1.0004
1.00032
1.00067
0
1.00094
1.00127
1.00088
1.00072
1.00084
1.00115
1.00012
1.00036
1.00151
1.00012
1.00067
0
1.00172
1.01147
0
1.0054
1.00017
1.00029
1.00075
1.00021
1.0017
1.00012
1.00012
0
1.00478
0
1.01235
1.02372
1.0007
1.00022
1.00078
1.00004
1.00023
1.0001
1.00008
0
1.00563
1.00543
0
0
1.01051
1.00245
1.00027
1.00048
1.00124
1.0003
1.00015
0
1.00128
1.00134
1.00109
1.00065
1.00218
1.00156
1.00019
1.00059
1.00046
1.00012
1.00008
0
1.002
1.00876
0
1.00401
1.00011
1.00055
1.00034
1.00039
1.00063
1.00019
1.0002
0
1.00369
0
1.0137
1.01922
1.00039
1.00076
1.00006
1.00133
1.00009
1.00014
1.00014
0
1.00535
1.00595
0
0
1.01114
1.00171
1.00083
1.00053
1.0002
1.00013
1.00015
0
1.002
1.00179
1.00165
0
1.00379
1.00272
1.00033
1.00048
1.00025
1.00015
1.00041
0
1.00124
1.0078
0
1.00329
1.00044
1.00126
1.00063
1.00014
1.00051
1.00027
1.00004
0
1.00413
1.01496
0
1.01609
1.00045
1.00178
1.00023
1.00015
1.0006
1.00022
1.00006
0
1.00535
1.00633
0
0
1.00903
1.00296
1.00043
1.00017
1.00143
1.00016
1.00025
0
1.003
1.00333
0
1.00345
1.00751
1.00381
1.00102
1.00048
1.00109
1.00014
1.00009
0
1.00134
1.00411
0
1.00228
1.00016
1.00071
1.00019
1.00019
1.00059
1.00016
1.00043
0
1.00181
1.01619
0
1.01156
1.00037
1.0012
1.00131
1.0001
1.00052
1.0001
1.00013
0
1.00129
0
1.00918
1.02898
1.00326
1.0015
1.00029
1.00012
1.00016
1.00019
1.00008
0
1.0034
0
0
1.00383
1.01243
1.00631
1.00182
1.00056
1.00052
1.00059
1.00026
0
1.0013
1.0023
0
1.0002
1.00024
1.00065
1.00016
1.00058
1.00045
1.00021
1.00017
0
1.00221
1.01382
0
1.00897
1.00024
1.00065
1.00183
1.00087
1.0006
1.00033
1.0003
0
1.00457
0
1.01048
1.02629
1.0017
1.00075
1.00025
1.00016
1.00025
1.00017
1.00009
0
1.00563
0
0
1.00613
1.0137
1.00654
1.00191
1.00029
1.00037
1.00025
1.00058
0
1.00106
1.00146
1.00099
1.0006
1.00093
1.00125
1.00019
1.00013
1.00154
1.00015
1.00024
0
1.00158
1.01068
0
1.00576
1.00019
1.00028
1.0003
1.00025
1.00067
1.00008
1.00008
0
1.00527
0
1.0122
1.02277
1.00065
1.0002
1.00096
1.00013
1.00033
1.00008
1.00006
0
1.00502
1.00544
0
0
1.01025
1.00265
1.00118
1.00067
1.00058
1.00042
1.00033
0
1.00141
1.00143
1.00123
1.00078
1.00189
1.00182
1.00038
1.00063
1.00037
1.00025
1.00067
0
1.0016
1.00737
0
1.00423
1.00012
1.00039
1.00031
1.00048
1.00058
1.00016
1.00046
0
1.0038
0
1.01386
1.01846
1.00037
1.00073
1.00007
1.00197
1.00025
1.00021
1.00023
0
1.00503
1.00612
0
0
1.00906
1.00504
1.00049
1.00074
1.00046
1.00012
1.00015
0
1.00223
1.00195
1.00184
0
1.00342
1.00163
1.00036
1.0004
1.00095
1.00014
1.0003
0
1.00125
1.00643
0
1.00345
1.00017
1.00066
1.0005
1.00018
1.00033
1.00038
1.00019
0
1.00389
1.01535
0
1.01493
1.00064
1.00111
1.00039
1.0002
1.00088
1.00017
1.00011
0
1.00491
1.00643
0
0
1.00878
1.00331
1.0007
1.00016
1.00185
1.00029
1.00025
0
1.00296
1.00318
0
1.00321
1.00607
1.00464
1.0005
1.00028
1.00062
1.00027
1.00036
0
1.00155
1.00427
0
1.0027
1.00013
1.00058
1.00022
1.0002
1.00059
1.00025
1.00031
0
1.00235
1.01761
0
1.0126
1.00047
1.00118
1.00032
1.00008
1.00067
1.00021
1.0002
0
1.00556
0
1.00822
0
1.00412
1.00209
1.00013
1.00017
1.00012
1.00014
0
0
1.00287
0
0
1.00311
1.00979
1.00616
1.00259
1.00051
1.00014
1.00052
1.00032
0
1.00139
1.00245
0
0
1.00011
1.00034
1.00019
1.00056
1.00025
1.00023
1.00029
0
1.00251
1.016
0
1.00961
1.00019
1.00045
1.00027
1.00101
1.00035
1.00015
1.00038
0
1.00458
0
1.00959
1.0277
1.00177
1.00032
1.00027
1.00014
1.00013
1.00014
1.00014
0
1.00518
0
0
1.00582
1.01229
1.0047
1.00061
1.00052
1.00041
1.00044
1.00024
0
1.00103
1.00134
1.00084
1.00072
1.00055
1.00158
1.00015
1.00016
1.00157
1.00015
1.00036
0
1.0018
1.01184
0
1.00598
1.00013
1.00023
1.00048
1.00026
1.00184
1.00023
1.00007
0
1.00501
0
1.01178
1.02555
1.00092
1.00038
1.00053
1.00006
1.00028
1.00008
1.00014
0
1.00504
1.00533
0
0
1.00927
1.00139
1.00201
1.00048
1.00071
1.00043
1.00019
0
1.00105
1.00108
1.00088
1.0006
1.00153
1.00113
1.00045
1.00039
1.00028
1.00012
1.00024
0
1.00177
1.0091
0
1.00433
1.00009
1.00044
1.00015
1.00021
1.00037
1.00018
1.00008
0
1.00408
0
1.01264
1.02041
1.00031
1.00058
1.00013
1.00251
1.00046
1.00015
1.00036
0
1.00477
1.00567
0
0
1.01063
1.00524
1.00044
1.00065
1.0004
1.00013
1.00023
0
1.00193
1.00177
1.00152
1.00135
1.0024
1.0014
1.0003
1.00039
1.00086
1.0002
1.00047
0
1.00131
1.00893
0
1.00399
1.00017
1.00077
1.00057
1.00028
1.00056
1.00031
1.00027
0
1.00373
1.01451
0
1.01704
1.00041
1.00119
1.0002
1.00009
1.00042
1.00026
1.00018
0
1.0053
1.00599
1.00431
0
1.01017
1.0038
1.0009
1.00034
1.00137
1.00031
1.00054
0
1.00234
1.00233
1.00201
1.00217
1.00408
1.00275
1.00063
1.00045
1.0012
1.00026
1.00014
0
1.00171
1.00654
0
1.00324
1.0001
1.00049
1.00021
1.00016
1.00039
1.00024
1.00024
0
1.00263
1.01704
0
1.0153
1.00037
1.00093
1.00026
1.00011
1.00026
1.00004
1.00025
0
1.00624
0
1.00785
0
1.00715
1.00271
1.00041
1.00016
1.00017
1.00021
0
0
1.00309
0
0
1.0032
1.00686
1.00304
1.00075
1.00044
1.00028
1.00034
1.00039
0
1.00144
1.00389
0
1.00179
1.00013
1.00052
1.00017
1.00083
1.00025
1.00021
1.00066
0
1.00247
1.01597
0
1.01193
1.00015
1.0004
1.00183
1.00092
1.00061
1.00017
1.00022
0
1.00097
0
1.00879
0
1.00368
1.00084
1.00026
1.00021
1.00017
1.00028
1.00013
0
1.00494
0
0
1.00503
1.00893
1.00629
1.00044
1.00064
1.00034
1.00026
1.00016
0
0
1.00214
0
1.0003
1.00028
1.00249
1.00022
1.0006
1.0014
1.00021
1.00026
0
1.00208
1.01289
0
1.0081
1.00023
1.00023
1.00066
1.00033
1.0026
1.00039
1.00028
0
1.00009
1.00008
0
1.00016
1.00032
1.00017
1.00059
1.00008
1.00023
1.00002
1.00016
0
1.00015
0
1.00004
1.00012
1.00002
1.00003
1.0002
1.00008
1.00007
1.00011
1.00026
0
1.00007
0
1.00007
1.00011
1.00001
1.00008
1.0001
1.00033
1.00011
1.00004
1.00012
0
1.00006
0
1.00002
1.00009
1.00004
1.00006
1.00012
1.00029
1.00021
1.00017
1.00021
0
1.00005
0
0
1.00002
1.00001
1.00001
1.00011
1.00005
1.00003
1.00013
1.0002
0
1.00004
0
0
1.00013
1.00001
1.00001
1.00004
1.00001
1.00001
1.00011
1.00005
0
1.00006
0
1.00002
1.00008
1.00001
1.00001
1.00001
1
1.00002
1.00003
1.00015
0
1.00007
0
1.00001
1.00005
1
1
1
1
1.00002
1.00003
1.00013
0
1.00003
0
1.00003
1.00011
1.00001
1.00002
1.0001
1.00055
1.0004
1.00032
1.00016
0
1.00007
0
0
1.00014
1.00002
1.00006
1.0003
1.00024
1.00004
1.00008
1.00012
0
1.00261
0
0
1.00215
1.00484
1.00289
1.00027
1.00028
1.0001
1.00031
1.00031
0
1.00143
1.00689
0
1.00291
1.00008
1.00041
1.00013
1.00104
1.00039
1.00022
1.00038
0
1.00318
1.01671
0
1.01695
1.00041
1.00118
1.00016
1.00014
1.00011
1.00028
1.0002
0
1.00585
1.00715
1.00399
0
1.00696
1.00355
1.00032
1.0001
1.00017
1.00005
1.00013
0
1.00316
0
0
1.00301
1.0063
1.00314
1.00038
1.00038
1.00036
1.00032
1.00034
0
1.00154
1.00534
0
1.0024
1.0002
1.0004
1.00012
1.0001
1.00035
1.00023
1.00028
0
1.00329
1.0164
0
1.01327
1.00006
1.0005
1.00025
1.00011
1.00022
1.00031
1.00017
0
1.00503
0
1.00815
0
1.00465
1.00128
1.00031
1.00024
1.00018
1.00017
1.00009
0
1.00505
0
0
1.00525
1.01115
1.00615
1.00046
1.00043
1.00042
1.00023
1.00012
0
1.00111
1.00286
0
0
1.00032
1.00219
1.0002
1.00055
1.00184
1.00007
1.00042
0
1.00188
1.01546
0
1.01004
1.00026
1.0002
1.00024
1.00009
1.00237
1.00031
1.00041
0
1.00086
0
1.01004
1.02807
1.00257
1.00092
1.00012
1.00004
1.00014
1.0001
0
0
1.00472
0
0
1.00507
1.01055
1.00279
1.00132
1.0004
1.0007
1.00031
1.00033
0
0
1.0021
0
1.00039
1.00046
1.00118
1.0001
1.00007
1.00033
1.00025
1.00056
0
1.0017
1.01386
0
1.00867
1.00028
1.0007
1.00026
1.00013
1.00052
1.00025
1.0004
0
1.00446
0
1.01234
1.02555
1.00119
1.00058
1.00011
1.00011
1.00017
1.00006
1.00008
0
1.00562
1.00633
0
0
1.01174
1.00636
1.0012
1.00036
1.00023
1.00015
1.00028
0
1.00126
1.00141
1.00117
1.00108
1.00076
1.00183
1.00024
1.00013
1.00027
1.00017
1.00036
0
1.00131
1.01136
0
1.00579
1.0003
1.00105
1.00023
1.00004
1.00012
1.00015
1.00051
0
0
0
1.01406
1.02114
1.00053
1.0008
1.00008
1.0001
1.00022
1.00019
1.00017
0
1.00515
1.00608
0
0
1.01116
1.00467
1.00094
1.00052
1.00064
1.00023
1.00026
0
1.00204
1.00209
1.0018
1.00128
1.00246
1.00113
1.00009
1.00011
1.00206
1.00014
1.00028
0
1.00144
1.00814
0
1.00454
1.0002
1.00056
1.00022
1.00009
1.00065
1.00013
1.00024
0
1.00294
1.01621
0
1.01778
1.00033
1.00098
1.00019
1.00009
1.00018
1.00007
1.00017
0
1.00634
1.00658
1.004
0
1.01044
1.00339
1.001
1.00031
1.00016
1.00009
1.00013
0
1.0027
1.00249
0
1.00233
1.00487
1.00206
1.00068
1.00044
1.00026
1.00019
1.00017
0
1.00143
1.00554
0
1.00289
1.00023
1.00047
1.00015
1.00006
1.00015
1.00031
1.00034
0
0
1.01742
0
1.01527
1.00044
1.00045
1.00018
1.0001
1.00039
1.00013
1.00041
0
1.00525
0
1.00703
0
1.00615
1.00235
1.00045
1.00013
1.0003
1.00022
1.00034
0
1.00447
0
0
1.0044
1.00897
1.00649
1.00055
1.0006
1.00053
1.00028
1.00013
0
1.00129
1.00309
0
0
1.00022
1.00347
1.00184
1.00055
1.00176
1.00024
1.0005
0
1.00245
1.01739
0
1.01146
1.00022
1.00062
1.00022
1.00008
1.00207
1.00012
1.00064
0
1.00109
0
1.00885
0
1.00523
1.00412
1.00032
1.00011
1.00112
1.00014
0
0
1.00479
0
0
1.00478
1.00975
1.00704
1.00075
1.00074
1.00131
1.00036
1.00018
0
1.00142
1.00197
0
1.00021
1.00368
1.0092
1.00017
1.00006
1.00165
1.00027
1.00019
0
1.00211
1.01665
0
1.00926
1.00017
1.00756
1.00026
1.00034
1.00194
1.00024
1.00017
0
1.00455
0
1.01087
1.0271
1.00185
1.00423
1.00027
1.00007
1.00089
1.00006
0
0
1.00539
0
0
1.00549
1.01984
1.00889
1.00078
1.00061
1.00163
1.00037
1.00026
0
1.00101
1.00136
1.00094
1.00096
1.0006
1.01012
1.00026
1.00011
1.00072
1.00015
1.00015
0
1.00167
1.01453
0
1.007
1.00012
1.00812
1.00039
1.00009
1.00116
1.00035
1.00037
0
1.00435
0
1.01287
1.02397
1.00127
1.00498
1.00011
1.00006
1.00117
1.00006
1.00013
0
1.00482
1.00577
0
0
1.01052
1.00508
1.00028
1.00019
1.00181
1.00055
1.00039
0
1.00161
1.00164
1.00149
1.00115
1.00176
1.00088
1.00025
1.00017
1.00074
1.00022
1.00019
0
1.00153
1.01172
0
1.0053
1.00017
1.00065
1.0002
1.00009
1.00048
1.0002
1.00009
0
1.00364
1.01499
0
1.01954
1.00035
1.0009
1.00018
1.00008
1.00015
1.00018
1.00013
0
1.00632
1.00681
0
0
1.0105
1.00474
1.00066
1.00029
1.00023
1.00017
1.00018
0
1.00221
1.00199
1.00186
0
1.00329
1.00198
1.00037
1.00022
1.00031
1.00023
1.00042
0
1.00138
1.00861
0
1.00335
1.00021
1.00044
1.00021
1.00007
1.00031
1.00028
1.0004
0
0
1.01672
0
1.01725
1.00016
1.00038
1.00021
1.00006
1.00029
1.00009
1.00016
0
1.00507
1.00662
0
0
1.00674
1.00169
1.00045
1.00016
1.00092
1.00041
1.00009
0
1.00368
0
0
1.0036
1.00752
1.00431
1.00021
1.00028
1.00034
1.00039
1.00025
0
1.00119
1.00525
0
1.00212
1.00027
1.0023
1.0003
1.00041
1.00168
1.00029
1.00031
0
1.00263
1.01696
0
1.01291
1.00021
1.00054
1.00015
1.00005
1.00261
1.00015
1.00018
0
1.00565
0
1.00822
0
1.0047
1.00149
1.00029
1.00021
1.00019
1.00014
0
0
1.00426
0
0
1.00428
1.00868
1.00366
1.00046
1.00065
1.0012
1.00024
1.00046
0
1.00173
1.00372
0
1.00169
1.00017
1.00065
1.00012
1.00015
1.00035
1.00022
1.00026
0
1.00242
1.017
0
1.01109
1.0003
1.00058
1.00027
1.00008
1.00033
1.00014
1.0003
0
1.00448
0
1.01018
1.02854
1.00226
1.00061
1.00015
1.00011
1.00014
1.00024
1.00023
0
1.00542
0
0
1.00532
1.01397
1.00561
1.00033
1.00067
1.0005
1.00015
1.00053
0
1.00051
1.00229
0
1.00114
1.00046
1.00087
1.00011
1.00005
1.00076
1.00022
1.00023
0
1.00123
1.01444
0
1.00757
1.00048
1.00121
1.00172
1.00007
1.00034
1.00035
1.00012
0
1.0052
0
1.01204
1.02509
1.00117
1.00052
1.00011
1.00003
1.00074
1.00017
1.0001
0
1.00462
1.00521
0
0
1.01199
1.00453
1.00106
1.00056
1.00046
1.00063
1.00022
0
1.00134
1.00173
1.00129
1.001
1.00143
1.00048
1.00025
1.00026
1.00175
1.00024
1.00037
0
1.00145
1.01148
0
1.00624
1.00014
1.00057
1.00074
1.0001
1.00048
1.00013
1.0004
0
1.00411
0
1.01398
1.02159
1.00034
1.00068
1.00006
1.00003
1.00026
1.00011
0
0
1.0066
1.0067
0
0
1.01366
1.00467
1.00079
1.00025
1.00019
1.00016
1.00029
0
1.00149
1.0014
1.00128
1.00148
1.00139
1.00181
1.00043
1.00028
1.00025
1.00019
1.0002
0
1.00135
1.00842
0
1.00435
1.0003
1.00093
1.00019
1.00013
1.0001
1.00018
1.0002
0
0
1.01603
0
1.0186
1.00053
1.00038
1.00025
1.00006
1.00014
1.0001
1.00022
0
1.00491
1.00617
1.00416
0
1.00809
1.00247
1.00037
1.00045
1.00071
1.00041
1.00038
0
1.00302
1.0028
0
1.00281
1.00596
1.00422
1.0005
1.00036
1.00014
1.00025
1.00031
0
1.00136
1.00511
0
1.00271
1.0004
1.00297
1.00012
1.00009
1.00195
1.00035
1.00039
0
1.0031
1.01732
0
1.01478
1.00026
1.00047
1.00016
1.00009
1.00233
1.00013
1.00028
0
1.00507
0
1.00728
0
1.00709
1.00363
1.00032
1.00021
1.00066
1.00005
0
0
1.00335
0
0
1.00324
1.00647
1.00956
1.00101
1.00057
1.00225
1.00026
1.00049
0
1.0016
1.00344
0
1.00213
1.00355
1.00855
1.00054
1.0001
1.00195
1.00015
1.00035
0
1.00234
1.01751
0
1.01208
1.00029
1.00694
1.00034
1.00007
1.00166
1.00022
1.00028
0
1.00113
0
1.00864
0
1.00277
1.002
1.00042
1.00022
1.00072
1.00019
1.00011
0
1.0055
0
0
1.00578
1.01244
1.00943
1.00018
1.00069
1.00151
1.0005
1.00049
0
1.00118
1.00208
0
1.00023
1.00319
1.00982
1.00008
1.00007
1.00138
1.00011
1.00018
0
1.00194
1.01689
0
1.009
1.00278
1.00713
1.00047
1.00042
1.00141
1.00026
1.00023
0
1.00474
0
1.01078
1.0274
1.00166
1.00459
1.00017
1.00004
1.0008
1.00004
0
0
1.00534
0
0
1.00593
1.01396
1.01145
1.00056
1.00041
1.00055
1.00074
1.00019
0
1.00103
1.00137
1.00102
1.00091
1.00058
1.00097
1.00017
1.00013
1.00131
1.00021
1.00034
0
1.00175
1.0148
0
1.00705
1.00011
1.00063
1.00054
1.00011
1.00012
1.00015
1.00032
0
1.00463
0
1.0134
1.02389
1.00071
1.00056
1.00024
1.00004
1.00004
1.00008
0
0
1.00691
1.00686
0
0
1.01072
1.00686
1.00232
1.00036
1.00016
1.0003
1.00009
0
1.00119
1.00129
1.00117
1.00081
1.00155
1.00139
1.00052
1.00035
1.00027
1.00079
1.00068
0
1.00161
1.01124
0
1.00482
1.00052
1.00053
1.00122
1.00058
1.00063
1.00012
1.00021
0
1.00342
0
1.01462
1.01924
1.00034
1.00046
1.0058
1.00017
1.00006
1.00004
1.00031
0
1.00506
1.00593
0
0
1.00896
1.00222
1.00065
1.00054
1.00019
1.00049
1.0001
0
1.0024
0
0
1.00199
1.00374
1.00316
1.00032
1.00013
1.00008
1.0003
1.0003
0
1.00154
1.0083
0
1.00329
1.00041
1.00188
1.00062
1.00024
1.00014
1.00022
1.00019
0
1.00263
1.01532
0
1.01532
1.00025
1.00071
1.00081
1.00019
1.00045
1.00003
1.00026
0
1.00586
1.00686
0
0
1.00581
1.0031
1.00085
1.00021
1.00008
1.00004
0
0
1.00343
0
0
1.00368
1.00658
1.00378
1.0011
1.00043
1.00026
1.00014
1.00038
0
1.00106
1.00345
0
1.00158
1.00019
1.00017
1.0001
1.00009
1.00004
1.00051
0
0
1.00282
1.0149
0
1.01128
1.00016
1.00053
1.00045
1.0003
1.00015
1.00014
1.00021
0
1.00484
0
1.00784
1.03103
1.00353
1.00183
1.00027
1.00097
1.00018
1.0002
1.00011
0
1.00434
0
0
1.00475
1.00826
1.00504
1.0014
1.00238
1.00057
1.00013
1.00006
0
1.00147
1.0031
0
1.00193
1.00018
1.00046
1.00574
1.00029
1.00035
1.00019
1.00032
0
1.00173
1.0167
0
1.01013
1.00054
1.00085
1.0006
1.0002
1.00017
1.00026
1.00064
0
1.0047
0
1.01007
1.02853
1.00148
1.00062
1.00032
1.00015
1.00021
1.00008
1.00012
0
1.00443
0
0
1.0056
1.00981
1.00586
1.00298
1.00035
1.00012
1.0003
1.0008
0
1.00046
1.00182
1.00099
1.00035
1.00051
1.00092
1.00053
1.00008
1.00013
1.00015
0
0
1.0021
1.01507
0
1.00805
1.00007
1.00099
1.00017
1.00033
1.00024
1.00046
1.00004
0
1.00411
0
1.01248
1.02628
1.00124
1.00046
1.00031
1.00004
1.00009
1.00006
0
0
1.00627
0
0
0
1.00928
1.00724
1.00347
1.00044
1.00028
1.00022
1.00011
0
1.00107
1.00145
1.00108
1.00052
1.00093
1.00126
1.0005
1.00025
1.00015
1.0007
1.00049
0
1.00178
1.01208
0
1.00578
1.00061
1.00074
1.00214
1.0006
1.00031
1.00023
1.00018
0
1.00355
0
1.01361
1.02121
1.00046
1.00045
1.00019
1.00012
1.00006
1.00016
1.00025
0
1.00517
1.00579
0
0
1.01089
1.0061
1.00104
1.00088
1.00052
1.00022
1.0002
0
1.00211
1.00183
1.00152
1.00152
1.00273
1.00254
1.0003
1.0002
1.0001
1.00033
1.00044
0
1.00157
1.00888
0
1.00398
1.00054
1.00207
1.00054
1.00062
1.00005
1.00032
1.00006
0
1.00274
1.01429
0
1.01713
1.00026
1.0007
1.001
1.00013
1.00052
1.00005
0
0
1.00622
1.00662
1.00498
0
1.00839
1.00363
1.00078
1.00025
1.00005
1.00002
0
0
1.00286
1.00275
0
1.00305
1.00548
1.00439
1.00065
1.00039
1.00011
1.00007
0
0
1.00136
1.00519
0
1.00244
1.00037
1.00039
1.00009
1.00009
1.0001
1.00012
1.00019
0
1.00265
1.01375
0
1.0128
1.00022
1.00048
1.00031
1.00014
1.00017
1.00016
1.00016
0
1.00533
1.00727
0
0
1.00549
1.00155
1.00014
1.0002
1.00007
1.00015
1.00021
0
1.00444
0
0
1.00437
1.00562
1.00638
1.00331
1.00058
1.00023
1.00005
1.00027
0
1.00111
1.00375
0
1.0022
1.00027
1.00032
1.00041
1.00032
1.00013
1.00015
1.0001
0
1.00212
1.01512
0
1.01125
1.00053
1.00054
1.00031
1.00017
1.00149
1.00011
1.00014
0
1.00464
0
1.00928
1.02908
1.00531
1.00081
1.00085
1.00044
1.00015
1.00018
0
0
1.00435
0
0
1.00534
1.00692
1.00659
1.00152
1.00065
1.00046
1.00028
1.00008
0
1.00038
1.00212
0
1.0001
1.00015
1.00084
1.00021
1.00013
1.00007
1.0001
1.00022
0
1.00009
0
1.00007
1.00055
1.00005
1.00012
1.0001
1.00107
1.00022
1.0001
1.00041
0
1.00026
0
1.00016
1.00078
1.00005
1.00034
1.00012
1.00074
1.00008
1.00012
1.00009
0
1.00001
0
1.00001
1.00091
1
1.00001
1
1.00001
1
1.00001
1
0
1.00001
0
1
1.00084
1.00006
1.00001
1.00001
1
1
1
1
0
1.00005
0
1.00005
1.00083
1.00004
1.0001
1.00022
1.00003
1.00053
1.00001
1.00001
0
1.00007
0
0
1.00046
1.00009
1.00514
1.00095
1.00004
1.00002
1.00001
1.00001
0
1.00014
1.00003
0
1.00053
1.00258
1.00427
1.00038
1.00012
1.00009
1.00001
1.00008
0
1.00005
0
1.00002
1.00052
1.00004
1.00207
1.00059
1.00004
1.00011
1.00002
1.00001
0
1.00009
0
1.00005
1.00067
1.00142
1.00541
1.00031
1.0009
1.00019
1.00012
1.00003
0
1.00017
0
0
1.00077
1.00004
1.00823
1.00055
1.00002
1.00002
1
1
0
1.00006
0
0
1.00038
1.00183
1.00277
1.00041
1.00003
1
1
1
0
1.00006
0
0
1.00076
1.00325
1.00017
1.00285
1
1
1
1
0
1.00005
0
1.00001
1.00079
1.00175
1.0001
1.00096
1.00001
1
1
0
0
1.00005
0
1.00002
1.00085
1.00171
1.00022
1.0005
1.00014
1.00005
1.00008
0
0
1.00045
0
1.00021
1.00063
1.00173
1.00138
1.00139
1.0002
1.00004
1.00044
1.0001
0
1.00009
0
1.00008
1.0007
1.00102
1.00081
1.00045
1.00007
1.00346
1.00006
1.00002
0
1.0005
0
0
1.00006
1.00024
1.00029
1.00643
1.00042
1.00056
1.00002
1.00001
0
1.00005
0
1.00009
0
1.00005
1.00259
1.00016
1.00002
1.00007
1.00001
1.00001
0
1.00015
0
1.00008
1.00008
1.00007
1.00273
1.0003
1.00076
1.00023
1.00008
1.00011
0
0
1.00006
0
1.00004
1.00002
1.00165
1.00005
1.00013
1.00002
1.00001
1
0
1.00013
0
1.00014
1.00014
1.00028
1.00145
1.00079
1.00006
1.00021
1.00029
1.00018
0
1.00037
0
0
1.00096
1.00019
1.00029
1.00084
1.00008
1.0004
1.00003
1.00001
0
1.0001
0
1.0001
1.00098
1.00007
1.00019
1.00647
1.00018
1.00037
1.00011
1.00007
0
1.00007
0
1.00003
1.00064
1.00012
1.00032
1.00063
1.00058
1.00018
1.00016
1.00002
0
1.0001
0
1.00003
1.00076
1.00004
1.00008
1.00817
1.00009
1.00003
1.00003
1.00002
0
1.00013
0
1.00002
1.00101
1.00006
1.00039
1.0014
1.00007
1.00005
1.00004
1.00003
0
1.00007
0
1.00004
1.00049
1.00256
1.00845
1.00066
1.00027
1.00005
1.00002
1.00002
0
1.00011
0
1.00011
1.0006
1.00342
1.00746
1.00066
1.0002
1.00002
1.00003
1.00002
0
1.00006
0
1.00003
1.00052
1.0027
1.0035
1.00037
1.00004
1.00002
1.00001
1.00001
0
1.00004
0
0
1.00074
1.00323
1.00419
1.00055
1.00001
1
1
1
0
1.00019
0
0
1.00067
1.00216
1.00503
1.00045
1.00013
1.00014
1.00012
1.00023
0
1.00069
0
0
1.00031
1.0004
1.00472
1.0029
1.00008
1.00044
1.00003
1.00003
0
1.00068
1.00031
0
1.00079
1.00043
1.00637
1.00076
1.00092
1.00023
1.00007
1.00009
0
1.00006
1.00002
0
1.00011
1.00228
1.00002
1.00176
1.00008
1.00001
1
1
0
1.00004
0
0
1.00071
1.00237
1.00003
1.00067
1.00001
1.00001
1
1
0
1.00002
0
1.00001
1.00083
1.00175
1.00002
1.00138
1
1
1
1
0
1.00011
1.00007
0
1.00059
1.0006
1.00272
1.00038
1.00009
1.00017
1.00001
1.00042
0
1.00015
0
1.00013
1.00015
1.0002
1.0012
1.00015
1.00009
1.00067
1.00025
1.00027
0
1.00011
1.00003
1.00003
0
1.0001
1.00014
1.00079
1.00003
1.00007
1.00003
1.00006
0
1.00003
0
1.00002
0
1.00006
1.00229
1.00715
1.00004
1.00012
1.00001
1.00001
0
1.00018
0
1.00012
0
1.00011
1.00374
1.00156
1.00008
1.00008
1.00002
1.00002
0
1.00003
0
1.00002
1.00002
1.00001
1.00059
1.00002
1.00001
1.00003
1
0
0
1.00002
0
1.00001
1.00071
1.00007
1.00012
1.00008
1.00003
1.00012
1.00003
1.00002
0
1.00001
0
1.00001
1.00089
1.00004
1.00009
1.00018
1.00003
1.00005
1
1
0
1.00008
1.00002
0
1.00107
1.00016
1.00022
1.00022
1.00013
1.00007
1
1
0
1.00003
1.00001
0
1.0008
1.00001
1.00009
1.00036
1.00006
1.00006
1
1
0
1.00001
0
1.00001
1.00087
1.00004
1.00008
1.00028
1.00003
1.00011
1
1.00001
0
0
0
1.00002
1.00027
1.00199
1.0034
1.00079
1.00012
1.00001
1.00004
1.00003
0
1.00004
0
0
1.00057
1.00339
1.01036
1.00029
1.00008
1.00001
1.00001
1.00003
0
1.00004
0
0
1.0004
1.00243
1.00484
1.00067
1
1
1
1
0
1.00002
0
1.00002
1.00061
1.00308
1.00487
1.00022
1
1
1
1
0
1.00003
0
1.00001
1.0004
1.00192
1.00404
1.00062
1
1
1
1
0
1.00012
0
1.00009
1.00018
1.00139
1.00073
1.00098
1.00007
1.00011
1
1.00002
0
1.00008
0
1.00014
1.00037
1.00114
1.00011
1.00164
1.00012
1.00004
1.00002
1.00002
0
1.0001
0
1.00018
1.00053
1.00013
1.00223
1.00505
1.00032
1.00014
1.00009
1.00009
0
1.00004
0
0
1.00068
1.00071
1.00004
1.00203
1.00008
1
1
1
0
1.00029
1.00003
0
1.00011
1.00051
1.00328
1.00058
1.00053
1.00004
1.00004
1.0001
0
1.00004
1.00002
0
1.00072
1.00121
1.00008
1.00128
1.00003
1
1
1
0
1.00003
0
0
1.00014
1.0003
1.00184
1.00019
1.00001
1
1
1
0
1.00001
0
0
0
1.00003
1
1.00005
1
1
1
1
0
1.00004
0
0
1.00001
1.00002
1.0015
1.00003
1
1
1
1
0
1.00002
0
1.00002
1.00001
1.00001
1.00135
1.00001
1
1
1
1
0
1.00002
0
1.00002
1.00003
1.00004
1.00005
1.00004
1
1.00001
1
0
0
1.00059
0
0
1.00026
1.00043
1.00024
1.00019
1.00032
1.00012
1.00012
1.0002
0
1.00015
1.00014
0
1.00088
1.00007
1.00003
1.00008
1.00011
1.00011
1.00007
0
0
1.00022
1.00006
0
1.00092
1.0001
1.00004
1.00002
1.00015
1.00016
1.00001
1.00001
0
1.00019
1.00008
0
1.00077
1.00013
1.00025
1.00067
1.00185
1.0004
1.00057
1.00036
0
0
0
1.00002
1.00092
1.00001
1.00001
1.00003
1.00042
1.00002
1.00002
1
0
1.00005
0
1.00003
1.00047
1.00156
1.00104
1.00075
1.00002
1.00001
1
1
0
1.00053
1.00007
0
1.00047
1.00005
1.00457
1.00213
1.00032
1.00087
1.00004
0
0
1.00029
0
0
1.00052
1.00136
1.00538
1.00019
1.00006
1.00005
1.00027
1.00112
0
1.00007
0
0
1.00051
1.00195
1.00548
1.00096
1.00071
1.0001
1.0001
1.00024
0
1.00008
1.00007
1.00011
1.00045
1.00081
1.00367
1.00028
1.00039
1.00021
1.00001
0
0
1.00013
0
0
1.00068
1.00063
1.0018
1.00398
1.0001
1.00054
1.00001
1.00003
0
1.00068
0
0
1.00019
1.00023
1.00252
1.00074
1.00355
1.00033
1.00031
1.00031
0
1.00015
0
0
1.00076
1.00216
1.00433
1.00153
1.0001
1.00002
1
1.00001
0
1.00005
1.00002
1.00002
1.00072
1.00179
1.00568
1.00124
1.00018
1.00007
1
1.00001
0
1.00001
0
1.00001
1.0001
1.0015
1.00002
1.00081
1
1
1
1
0
1.00004
0
1.00001
1.00068
1.00023
1.00013
1.00025
1.00001
1
1
1
0
1.00005
0
1.00004
1.00004
1.00017
1.00006
1.00981
1
1
1
1
0
1.00004
0
1.00002
1.00006
1.00008
1.00166
1.00003
1
1
1
1
0
1.00016
0
0
1.00005
1.00003
1.00014
1.00024
1.00035
1.00003
1.00012
1.00008
0
1.00012
1.00011
0
1.00004
1.00004
1.00012
1.00008
1.00147
1.00006
1.00012
1.00015
0
1.00024
0
0
1.00013
1.00006
1.0013
1.0003
1.00064
1.0001
1.00013
1.00026
0
1.00007
1.00018
0
1.00083
1.00012
1.00006
1.00013
1.00014
1.00005
1.00003
1.00005
0
1.00004
0
1.00001
1.00099
1.00001
1.00001
1.00003
1.0001
1
1.00001
1.00001
0
1.00001
0
1.00001
1.00079
1.00001
1.00001
1.00001
1.00002
1
1
1
0
1.00002
1.00001
0
1.00088
1.00001
1
1
1
1
1
1
0
1
0
1
1.00078
1
1
1
1
1
1
1
0
1.00004
0
1.00003
1.0007
1.00342
1.00742
1.00097
1
1
1
1
0
1.00007
0
0
1.00054
1.00305
1.00765
1.00005
1
1
1
1
0
1.00005
0
1.00003
1.00078
1.00289
1.00461
1.00063
1
1
1.00001
0
0
1.00005
0
1.00006
1.00062
1.00262
1.00524
1.00028
1.00045
1.00025
1.00066
1.0001
0
1.00019
0
0
1.0005
1.00194
1.00362
1.00042
1.00039
1.00001
1.00022
1.00028
0
1.00022
0
0
1.00054
1.00149
1.00285
1.00025
1.00105
1.00026
1.0001
1.00047
0
1.00023
0
1.00031
1.00061
1.00146
1.00031
1.00074
1.00013
1.0003
1.00017
1.0001
0
1.00023
1.00004
0
1.00012
1.00244
1.00008
1.00098
1.00016
1.00003
1.00001
1.00001
0
1.00005
0
1.00002
1.00012
1.0025
1.00003
1.00179
1.00002
1.00004
1.00001
1
0
1.00005
0
1.00001
1.0008
1.00216
1.00002
1.00041
1.00001
1
1
1
0
1.00004
0
0
1.0007
1.00013
1.00721
1.0014
1.00001
1
1
1
0
1.00004
0
0
1.00005
1.00035
1.00007
1.00003
1
1
1
1
0
1.00003
1.00005
0
1.00003
1.00009
1.00003
1.00003
1
1
1
1
0
1.00015
0
0
1.00005
1.00001
1.00006
1.00011
1.00035
1.00005
1.00014
1.00007
0
1.00011
1.00005
0
1.00005
1.00004
1.00005
1.00013
1.00152
1.00005
1.00027
1.00008
0
1.00014
0
0
1.0002
1.00009
1.00018
1.00017
1.00065
1.00008
1.00026
1.00066
0
1.00017
0
0
1.00048
1.00009
1.00012
1.00016
1.00008
1.00007
1.00005
1.00035
0
1.00003
0
0
1.00089
1.00003
1.00006
1.00006
1.00008
1.00002
1.00009
1.0002
0
1.00004
0
1.00003
1.00084
1.00001
1.00003
1.00003
1.00001
1.00001
1.00007
1.00014
0
1.00047
0
0
1.00112
0
1.00209
1.00021
1.00032
1.00007
1.00034
1.0003
0
1.00005
0
1.00002
1.00073
1.00004
1.00021
1.01053
1.00034
1.00015
1.00008
1.00019
0
1.00012
0
1.00006
1.00071
1.00008
1.00706
1.00047
1.00011
1.00026
1.00017
1.00023
0
0
1.00004
1.00003
1.00023
1.00031
1.00393
1.00068
1.00025
1.00008
1.00013
1.00025
0
1.0001
0
1.00009
1.00049
1.00107
1.00825
1.0004
1.00036
1.00009
1.00009
1.00017
0
1.00003
0
1.00002
1.00041
1.00132
1.00137
1.00061
1.00003
1.00002
1.00013
1.00009
0
1.00004
0
1.00003
1.00064
1.00208
1.0052
1.00037
1
1.00002
1.00012
1.00012
0
1.00037
0
0
1.00038
1.00022
1.00221
1.00457
1.0002
1.00038
1.00007
1.00011
0
1.00009
0
1.00005
1.00014
1.00049
1.00017
1.00161
1.00016
1.00007
1.00003
1.0004
0
1.00012
0
0
1.00068
1.0012
1.00025
1.00127
1.00015
1.00035
1.00019
1.00015
0
1.00024
0
0
1.00057
1.00117
1.00644
1.00124
1.00004
1.00005
1.00007
1.00017
0
1.00048
0
1.00014
1.00056
1.00158
1.00035
1.00207
1.00026
1.00008
1.00021
1.00032
0
1.00013
0
1.00014
1.00042
1.00006
1.00011
1.00091
1.0004
1.00046
1.0001
1.00018
0
1.00023
0
0
1.00013
1.00005
1.00034
1.00036
1.0009
1.00053
1.0002
1.00008
0
1.00006
0
1.00007
1.00017
1.00011
1.00027
1.00006
1.00059
1.00022
1.00013
1.00005
0
1.00005
0
1.00005
1.00002
1.00002
1.00003
1.00003
1.00006
1.00004
1.0001
1.00011
0
1.00011
0
1.00011
1.00007
1.00016
1.00005
1.0001
1.00003
1.00004
1.00012
1.00043
0
1.00031
0
1.00008
1.00007
1.00004
1.00009
1.00014
1.00029
1.00037
1.00012
1.00018
0
1.00006
1.00008
0
1.00041
1.0001
1.00019
1.00006
1.00007
1.00004
1.00002
0
0
1.00011
1.00004
1.00009
1.00083
1.00004
1.00015
1.00008
1.00069
1.00018
1.00018
1.00039
0
1.00013
1.00005
1.00003
1.00059
1.00008
1.00013
1.00031
1.00036
1.00041
1.00013
1.00035
0
1.00024
0
0
1.00066
1.00003
1.00023
1.00414
1.00092
1.00024
1.00014
1.00011
0
1.00014
1.00021
0
1.00071
1.00012
1.00015
1.00013
1.00269
1.00018
1.00029
1.00031
0
1.00011
0
1.00012
1.00048
1.00026
1.00375
1.00068
1.00013
1.00032
1.00008
1.00017
0
1.00003
0
1.00004
1.00037
1.00091
1.00427
1.00085
1.00032
1.00015
1.00007
1.00019
0
1.00009
0
1.00006
1.00044
1.00005
1.00378
1.00013
1.00012
1.00021
1.00007
1.00012
0
1.0001
0
0
1.00056
1.00092
1.0032
1.00059
1.0001
1.00003
1.00011
1.00021
0
1.00003
0
0
1.0006
1.00209
1.00202
1.00044
1.00002
1.00002
1.00007
0
0
1.00007
1.00006
0
1.00036
1.00016
1.00275
1.00093
1.00013
1.00009
1.0001
1.00015
0
1.00037
0
0
1.00047
1.00108
1.00027
1.00027
1.00008
1.00038
1.0004
0
0
1.00047
1.00017
0
1.00066
1.00159
1.00045
1.00148
1.0001
1.00005
1.00018
1.00041
0
1.00008
0
0
1.00075
1.00226
1.00687
1.00131
1.00004
1.00012
1.00004
1.0001
0
1.00039
0
1.00012
1.00014
1.00106
1.00033
1.00015
1.00016
1.0001
1.00015
1.00029
0
1.00004
1.00002
1.00004
1.0006
1.0009
1.00082
1.00058
1.0001
1.00033
1.00005
1.00011
0
1.00023
0
1.00015
1.00014
1.00034
1.00023
1.00029
1.00042
1.00007
1.00029
1.00023
0
1.00003
1.00008
0
1.00004
1.00008
1.00003
1.00005
1.00001
1.00002
1.00011
1.00017
0
1.00005
0
1.00005
1.00004
1.00001
1.00002
1.00003
1.00001
1.00002
1.00008
1.0001
0
1.0001
0
1.00006
1.00003
1.00004
1.00002
1.00004
1.00004
1.00004
1.00003
1.00032
0
1.00042
0
1.00011
1.00007
1.00006
1.00091
1.00091
1.0002
1.00026
1.00008
1.00023
0
1.00032
0
1.00006
1.00058
1.00005
1.00007
1.0001
1.00004
1.00037
1.00007
1.00007
0
1.00004
0
1.00003
1.00078
1.00005
1.00007
1.00015
1.00007
1.0002
1.00016
1.00017
0
1.00003
0
1.00002
1.00106
1.00001
1.00002
1.00004
1.00008
1.00003
1.00008
1.00023
0
1.00003
0
1.00002
1.00072
1.00001
1.00002
1.00279
1.00001
1.00002
1.00014
1.00011
0
1.00003
0
1.00001
1.00088
1.00001
1.00001
1.00006
1.00009
1.00016
1.0002
1.00016
0
1.00007
0
1.00002
1.00042
1.00233
1.00362
1.0006
1.00017
1.00008
1.00006
0
0
1.00014
0
1.00008
1.00042
1.00236
1.00708
1.00072
1.00176
1.00038
1.00016
1.0001
0
1.00005
0
1.00007
1.00055
1.00256
1.00446
1.00032
1.00185
1.00002
1.0001
1.00018
0
1.00003
0
1.00002
1.00073
1.00292
1.00566
1.00047
1.00015
1.00001
1.00011
1.00017
0
1.00003
1.00004
0
1.00074
1.00231
1.0044
1.00035
1.00004
1.00001
1.00012
1.00041
0
0
0
1.0001
1.0005
1.00021
1.00166
1.00248
1.00022
1.00021
1.00024
1.00025
0
1.00009
0
0
1.00047
1.00008
1.00007
1.00012
1.00017
1.0001
1.00028
1.00006
0
1.0001
0
1.00018
1.00094
1.00115
1.00018
1.00201
1.00012
1.00013
1.0001
1.00033
0
1.00005
0
0
1.00012
1.00174
1.00372
1.00121
1.00003
1.00002
1.00007
1.00005
0
0
0
0
1.00057
1.00175
1.00004
1.00029
1.00081
1.00002
1.00012
1.00016
0
1.00018
0
1.00007
1.00055
1.00147
1.00006
1.00068
1.00228
1.00055
1.00018
1.00013
0
1.00014
0
1.00006
1.0002
1.00063
1.00139
1.00089
1.00058
1.00038
1.0002
1.00012
0
1.00004
0
1.00004
1.00005
1.0001
1.00142
1.00005
1.00028
1.00003
1.00011
1.00012
0
1.00008
0
1.00004
0
1.00005
1.00102
1.00019
1.00044
1.00004
1.00018
1.00044
0
1.00013
1.00007
1.00008
1.00008
1.00004
1.00005
1.00013
1.00019
1.00011
1.00007
0
0
1.00012
0
0
1.00018
1.0001
1.00111
1.00048
1.0004
1.0003
1.0001
1.00009
0
1.00037
1.00033
0
1.00096
1.00004
1.00037
1.00022
1.00081
1.00007
1.00006
1.00001
0
1.00002
1.00002
0
1.00087
1.00002
1.00005
1.00009
1.00005
1.00001
1.00001
1.00002
0
1.00015
0
0
1.00088
1.00006
1.00019
1.00456
1.00021
1.00003
1.00002
1.00001
0
0
1.00005
0
1.00059
1.00007
1.00013
1.00024
1.00032
1.00003
1.00018
1.00015
0
1.00041
0
1.00015
1.00098
1.00005
1.00016
1.00006
1.00022
1.00005
1.00007
1.00035
0
1.00011
0
1.00009
1.00059
1.00182
1.00434
1.00163
1.00028
1.00009
1.00007
1.00018
0
1.00012
0
0
1.0007
1.00302
1.00323
1.00054
1.00006
1.00007
1.00002
1
0
1.00004
0
0
1.0007
1.00252
1.00849
1.00052
1.00002
1
1
1
0
1.00014
0
0
1.00075
1.00317
1.00414
1.00042
1.00004
1
1
1
0
1.00003
0
1.00001
1.00057
1.0021
1.00402
1.00044
1
1
1
1
0
1.00021
1.00011
1.00016
1.00049
1.00127
1.00471
1.00137
1.00029
1.00015
1.00033
1.00061
0
1.0001
0
1.0001
1.00048
1.00118
1.00017
1.00167
1.00012
1.00001
1.00003
1.00006
0
1.00017
0
1.00027
1.00025
1.00285
1.00712
1.00116
1.00016
1.00026
1.00004
1.00011
0
1.00022
0
0
1.00062
1.00165
1.00009
1.00091
1.00008
1.00013
1.00004
0
0
1.00022
0
1.00026
1.00058
1.00023
1.00352
1.00069
1.00006
1.00017
1.00078
1.0005
0
1.0002
0
1.0001
1.00016
1.00095
1.0001
1.00108
1.00005
1.00026
1.00003
1.00002
0
1.00015
0
1.00009
1.00026
1.00011
1.00076
1.00015
1.00018
1.00014
1.00007
1.00004
0
1.00011
1.00003
0
1.00006
1.00011
1.00001
1.00016
1.00002
1.00002
1
1
0
1.00005
0
1.00004
1.00001
1.00004
1.00183
1.00003
1
1
1
1
0
1.00002
0
1.00004
0
1.00003
1.00003
1.00005
1
1
1
1
0
1.00007
0
0
1.00003
1.00002
1.00138
1.00004
1.00001
1
1
1
0
1.00008
0
1.00009
1.00056
1.00004
1.00012
1.00007
1.00005
1.00088
1.00009
1.00006
0
1.00011
0
0
1.00072
1.00008
1.00014
1.00007
1.00012
1.00019
1.00003
1.0001
0
1.00003
1.0001
1.0001
1.00073
1.00003
1.00018
1.00799
1.00008
1.00005
1.00004
0
0
1.00009
0
1.00006
1.00057
1.00005
1.00004
1.00009
1.00013
1.00008
1.00004
1.00005
0
1.00009
0
1.0001
1.00073
1.00008
1.00009
1.00009
1.00008
1.00003
1.00005
0
0
1.00007
1.00006
0
1.00064
1.00056
1.00358
1.00238
1.0002
1.0006
1.00008
1.00003
0
1.00003
0
1.00003
1.00052
1.00044
1.00772
1.00056
1.00002
1.00003
1.00001
1.00001
0
1.00003
1.00002
0
1.00048
1.0002
1.00264
1.0011
1
1.00008
1
1
0
1.00012
0
1.00002
1.00072
1.00003
1.00795
1.00006
1.00006
1
1
1
0
1.00006
1.00002
0
1.0005
1.00022
1.00425
1.00055
1
1
1
1
0
1.00022
1.0002
0
1.00054
1.00008
1.00297
1.00103
1.00031
1.00007
1.00048
1.00159
0
1.00022
0
1.00008
1.00012
1.00042
1.00033
1.00008
1.00013
1.00001
1.00003
1.00032
0
0
0
1.00022
1.00088
1.00103
1.00008
1.0005
1.00013
1.0004
1.00002
1.00002
0
1.00021
0
1.00018
1.0007
1.00116
1.00018
1.00187
1.00011
1.00012
1.00005
1.00008
0
1.0002
0
0
1.00072
1.00011
1.00526
1.00031
1.0001
1.0001
1.0003
1.0002
0
1.00025
0
1.00011
1.0004
1.00088
1.00009
1.00155
1.0001
1.0003
1.00003
1.00036
0
1.00016
0
1.00008
1.00025
1.00069
1.00207
1.00013
1.00017
1.00019
1.00003
1.00006
0
1.00003
1.00002
0
0
1.00003
1.00101
1.0002
1.00002
1.00002
1
1
0
1.0003
0
0
0
1.00007
1.00137
1.0005
1.00039
1.00006
1.00008
1.00005
0
1.00008
1.00009
0
0
1.00003
1.00004
1.00009
1.00118
1.00003
1.00014
1.00004
0
1.0003
0
1.00017
1.00014
1.00005
1.00019
1.00026
1.00042
1.00006
1.00014
1.00044
0
1.00013
0
1.00005
1.00051
1.00011
1.00066
1.00014
1.0002
1.00046
1.00011
1.00007
0
1.00017
0
0
1.00106
1.00004
1.00011
1.00292
1.00023
1.00013
1.00004
1.00006
0
1.00007
1.00011
1.0001
1.00071
1.00003
1.00031
1.00004
1.00008
1.00014
1.00003
0
0
1.00016
0
1.00004
1.00085
1.00005
1.00003
1.00016
1.0001
1.00013
1.00003
1.00004
0
1.00008
0
1.00008
1.00084
1.00007
1.00012
1.00004
1.00014
1.00002
1.00001
0
0
1.0001
0
0
1.00028
1.00012
1.00429
1.0022
1.00021
1.00036
1.00008
1.00006
0
1.00073
0
1.00009
1.00042
1.00156
1.0052
1.00264
1.00033
1.00131
1.00029
1.00006
0
1.00031
0
0
1.00068
1.00196
1.00282
1.00035
1.00005
1.00005
1.0002
1.00036
0
1.00008
1.00004
0
1.00043
1.00002
1.00376
1.00038
1.00076
1.00007
1.00012
1.00037
0
1.00009
0
1.00022
1.00066
1.00161
1.00238
1.00017
1.0007
1.00048
1.00004
1.00004
0
1.00018
1.00013
0
1.00061
1.00017
1.00451
1.00082
1.00014
1.00028
1.0003
1.00054
0
1.00044
0
1.00021
1.00072
1.00126
1.00159
1.00116
1.0031
1.00022
1.0003
1.00018
0
1.00025
0
1.00023
1.00083
1.00007
1.00015
1.00057
1.0002
1.00015
1.00001
1.00002
0
1.00026
0
1.00024
1.00026
1.00106
1.00018
1.00061
1.00042
1.00006
1.00006
1.00004
0
1.00021
0
0
1.00076
1.00067
1.00523
1.00013
1.00005
1.00022
1.00051
1.00076
0
1.00021
0
1.00007
1.0005
1.00069
1.00005
1.00039
1.00017
1.00019
1.00002
1.00026
0
1.00015
0
1.00007
1.00013
1.00026
1.00083
1.00008
1.00035
1.00016
1.00006
1.00007
0
1.00004
0
1.00006
1.00004
1.0001
1.00005
1.00008
1.00001
1.00002
1
1
0
1.00025
0
0
1.00007
1.0001
1.00157
1.00528
1.00031
1.00011
1.00007
1.00004
0
1.00011
1.0001
0
0
1.00007
1.00006
1.00007
1.00099
1.00003
1.00036
1.00011
0
1.00015
0
1.00013
1.00009
1.00005
1.00159
1.00036
1.00045
1.00005
1.00024
1.00025
0
1.00014
0
1.00005
1.00062
1.00011
1.00006
1.00023
1.00009
1.00073
1.00008
1.00009
0
1.00023
0
0
1.00092
1.00009
1.00013
1.00602
1.00015
1.00011
1.00005
1.00009
0
1.00007
1.0001
1.00009
1.00092
1.00002
1.00008
1.00152
1.00011
1.0001
1.00005
1.00005
0
1.00014
1.00004
1.00002
1.00087
1.00004
1.00003
1.00019
1.00009
1.0001
1.00001
1.00029
0
1.00009
0
1.00006
1.00071
1.00004
1.00007
1.00007
1.0002
1.00007
1.00003
0
0
1.00011
0
1.00005
1.00089
0
1.00594
1.00216
1.00023
1.00046
1.00007
1.00005
0
1.00056
0
1.00012
1.00042
1.00007
1.00437
1.00267
1.00064
1.00107
1.00032
1.0001
0
1.00023
0
0
1.00056
1.00189
1.00402
1.0007
1.00008
1.00005
1.00018
1.00031
0
1.00009
0
0
1.00057
1.00228
1.00746
1.00038
1.00072
1.00018
1.00016
1.00023
0
1.00043
0
1.00028
1.00073
1.00265
1.00689
1.00059
1.0008
1.0007
1.00011
1.00014
0
1.00022
1.00021
0
1.00055
1.00112
1.00399
1.00042
1.00018
1.00039
1.00037
1.00042
0
1.00041
0
1.00018
1.00016
1.00055
1.00148
1.00268
1.00165
1.00013
1.00019
1.00031
0
1.00023
0
1.00021
1.00072
1.00094
1.00009
1.0005
1.00012
1.00018
1.00004
1.00007
0
1.00033
0
0
1.00083
1.00253
1.00023
1.00175
1.0001
1.00009
1.0001
1.00007
0
1.00023
0
0
1.0005
1.00026
1.00032
1.0008
1.00015
1.00046
1.00051
1.00047
0
1.0003
0
1.00006
1.00018
1.00149
1.0001
1.00097
1.00013
1.00032
1.00003
1.00006
0
1.0001
0
0
1.00026
1.00083
1.00103
1.00019
1.00032
1.00041
1.00008
1.00009
0
1.00007
0
1.00003
0
1.00009
1.00042
1.00007
1.00007
1.00007
1.00012
1.00004
0
1.00032
0
0
0
1.00025
1.00036
1.00091
1.00047
1.00021
1.00004
1.00004
0
1.00051
1.00007
0
1.00007
1.00009
1.00032
1.00014
1.00065
1.00053
1.00021
1.00014
0
1.00013
0
1.0001
1.00009
1.0001
1.00017
1.00015
1.00025
1.00202
1.00029
1.00038
0
1.00016
0
0
1.00063
1.00013
1.00017
1.0003
1.0001
1.00058
1.00011
1.00013
0
1.00016
0
0
1.00082
1.00016
1.00115
1.00019
1.0002
1.00098
1.00021
1.00026
0
1.0001
1.00008
1.00008
1.00078
1.00006
1.0001
1.00025
1.00012
1.00023
1.00011
1.00009
0
1.00013
1.00004
1.00003
1.00064
1.00007
1.00016
1.00021
1.0001
1.00036
1.00005
1.00041
0
1.00006
0
1.00007
1.00097
1.0001
1.00037
1.00008
1.0003
1.00024
1.00021
1.00016
0
1.00009
0
0
1.0006
1.00068
1.00357
1.00202
1.00024
1.0004
1.00014
1.00015
0
1.00016
0
1.00009
1.00034
1.00158
1.0024
1.0027
1.00067
1.00197
1.00027
1.00017
0
1.00029
1.00022
1.00022
1.00039
1.00222
1.00676
1.00048
1.00015
1.00013
1.00007
1.00025
0
1.00013
1.00005
1.00006
1.00044
1.0019
1.00427
1.00057
1.00127
1.00103
1.00044
1.00037
0
1.00052
0
1.00024
1.00054
1.00069
1.0059
1.00112
1.00075
1.00326
1.00022
1.00031
0
1.00028
1.00014
0
1.00042
1.0004
1.00469
1.0005
1.0002
1.00111
1.00023
1.00053
0
1.00034
0
1.00018
1.00016
1.00118
1.00152
1.00035
1.00165
1.00044
1.00028
1.00032
0
1.00018
0
0
1.00013
1.00145
1.00043
1.00246
1.00013
1.00016
1.00015
1.00014
0
1.00034
0
0
1.00059
1.0013
1.00568
1.00098
1.00018
1.00028
1.00013
1.00024
0
1.00014
0
1.00019
1.00048
1.00077
1.00136
1.00143
1.00022
1.00007
1.00035
1.00038
0
1.00059
0
0
1.00049
1.0015
1.00045
1.00065
1.00016
1.00018
1.0001
1.00004
0
1.00006
1.00008
0
1.00021
1.00038
1.00118
1.00022
1.00031
1.00046
1.00017
1.00009
0
1.00006
0
1.00007
1.00007
1.00068
1.00175
1.0001
1.00013
1.00013
1.00019
1.00017
0
1.00018
0
1.00004
0
1.00079
1.001
1.001
1.00033
1.00026
1.00009
1.00024
0
1.00064
1.00007
1.00007
1.00006
1.00013
1.0013
1.00024
1.00101
1.00057
1.00033
1.00038
0
1.00018
0
1.00012
1.00007
1.00011
1.00032
1.00014
1.00031
1.00259
1.00015
1.00043
0
1.00012
0
1.00012
1.00048
1.00061
1.0008
1.00024
1.00011
1.00066
1.00011
1.00012
0
1.00012
0
0
1.0006
1.00192
1.00289
1.00589
1.00035
1.00112
1.00028
1.00051
0
1.00005
0
1.0001
1.00081
1.00006
1.00021
1.00016
1.00009
1.00049
1.00012
1.00016
0
1.00015
0
1.00003
1.00064
1.00003
1.00031
1.00024
1.0001
1.00032
1.00006
1.00015
0
1.00005
0
0
1.00062
1.00025
1.00107
1.00014
1.00021
1.00024
1.00016
1.00023
0
1.0002
0
1.00021
1.00094
1.0028
1.00161
1.00219
1.00016
1.00014
1.00014
1.00019
0
1.00019
0
1.00008
1.00043
1.00219
1.00177
1.00239
1.00069
1.00142
1.00017
1.00012
0
1.00019
0
0
1.00023
1.00006
1.00066
1.00079
1.00024
1.00015
1.0001
1.00065
0
1.00025
1.00007
0
1.00037
1.001
1.0062
1.00036
1.00111
1.00074
1.00042
1.00038
0
1.00047
0
1.00031
1.00058
1.00225
1.0034
1.00036
1.0011
1.00287
1.00014
1.00032
0
1.00023
1.00025
0
1.00051
1.00098
1.00311
1.00057
1.00026
1.00107
1.00037
1.00049
0
1.00033
0
1.00014
1.00041
1.00017
1.00093
1.00046
1.00131
1.00039
1.00021
1.00032
0
1.00016
0
1.00011
1.00075
1.00025
1.00076
1.00031
1.00017
1.00033
1.00013
1.00014
0
1.00038
0
0
1.0002
1.00411
1.00116
1.00113
1.00011
1.00032
1.00009
1.00012
0
1.00018
0
0
1.00056
1.00107
1.0014
1.00041
1.00018
1.00011
1.00049
1.00037
0
1.0005
0
1.00012
1.00021
1.00049
1.0004
1.0003
1.0001
1.00033
1.00007
1.00017
0
1.00008
0
0
1.00016
1.00026
1.00094
1.00016
1.00033
1.00021
1.00012
1.00022
0
1.00004
0
0
1.00005
1.00099
1.00224
1.00014
1.00014
1.00008
1.00023
1.00012
0
1.00021
1.00012
0
0
1.00078
1.00098
1.00081
1.0004
1.00038
1.0001
1.0002
0
1.00064
1.00009
1.00009
1.00007
1.00012
1.00277
1.00021
1.0008
1.00052
1.00023
1.00028
0
1.00017
0
1.00008
1.00011
1.00011
1.00033
1.00011
1.00037
1.0025
1.00019
1.00051
0
1.00012
0
1.00009
1.00043
1.00103
1.00084
1.00014
1.00025
1.0006
1.00017
1.0002
0
1.00021
0
0
1.00075
1.00038
1.00271
1.00453
1.00021
1.00109
1.00025
1.00056
0
1.00011
0
1.00009
1.00088
1.0001
1.00072
1.00009
1.00011
1.00022
1.00012
1.00016
0
1.00012
0
1.00006
1.00068
1.00005
1.00031
1.00021
1.00005
1.00035
1.00008
1.00012
0
1.00007
0
0
1.00078
1.00036
1.00124
1.00015
1.00027
1.00019
1.00017
1.00023
0
1.00023
1.00018
0
0
1.00274
1.00404
1.00285
1.00014
1.00045
1.00007
1.00024
0
1.0002
0
1.00009
1.00042
1.00115
1.0044
1.00239
1.00049
1.00102
1.00019
1.00008
0
1.0002
0
1.00014
1.00038
1.00007
1.00347
1.00055
1.00022
1.00019
1.00022
1.00012
0
1.0002
0
1.00003
1.00041
1.00058
1.00478
1.00065
1.00092
1.00093
1.00024
1.00028
0
1.00047
0
1.00031
1.0007
0
1.00748
1.0007
1.00084
1.0009
1.00032
1.00048
0
1.00022
1.0002
0
1.0006
1.00042
1.00671
1.00041
1.00005
1.00109
1.00034
1.00052
0
1.00028
0
0
1.00025
1.00133
1.00103
1.00041
1.00201
1.00041
1.00013
1.00044
0
1.00015
0
1.00013
1.00023
1.00257
1.00084
1.00167
1.00033
1.00027
1.00016
1.00015
0
1.00035
0
0
1.00093
1.00354
1.00444
1.00086
1.00033
1.00023
1.00013
1.00008
0
1.00013
0
1.0001
1.0007
1.0011
1.00117
1.00012
1.00012
1.00011
1.00052
1.0008
0
1.00048
0
1.00021
1.00026
1.00006
1.00068
1.00024
1.00014
1.00019
1.00015
1.00018
0
1.00011
0
1.0001
1.00017
1.00013
1.00091
1.00036
1.0003
1.00035
1.00003
1.00032
0
1.00016
1.00004
0
1.00011
1.00004
1.00004
1.00005
1.00001
1.00003
1.0002
1.0002
0
1.00006
0
1.00008
1.00004
1.00012
1.00013
1.00019
1.00004
1.00002
1.00011
1.00011
0
1.00004
0
1.00002
1.00003
1.00001
1.00008
1.00022
1.00044
1.00035
1.00051
1.00038
0
1.00011
1.00001
0
1.00011
1.00003
1.00001
1.00007
1.00032
1.00003
1.00028
1.00012
0
1.00181
0
1.00734
0
1.00592
1.00276
1.00023
1.00076
1.00037
1.00012
1.00008
0
1.00374
0
0
1.00403
1.00742
1.00501
1.00116
1.0005
1.00019
1.00026
1.00041
0
1.00138
1.00386
0
1.00186
1.00017
1.00056
1.00029
1.0001
1.00033
1.00016
1.00046
0
1.00215
1.01459
0
1.01117
1.00016
1.00051
1.00047
1.00007
1.00032
1.00009
1.00016
0
1.00104
0
1.0088
0
1.00309
1.00063
1.00025
1.00007
1.00014
1.00011
1.00017
0
1.00418
0
0
1.00445
1.01166
1.00544
1.00117
1.00045
1.00029
1.00014
1.00024
0
1.00026
1.00239
0
1.00143
1.00029
1.00061
1.00231
1.00056
1.00064
1.00034
1.0006
0
1.00174
1.0134
0
1.00819
1.00034
1.00092
1.00009
1.00014
1.00033
1.0003
1.0002
0
1.00421
0
1.01028
1.02635
1.00115
1.00065
1.00022
1.00048
1.00066
1.00016
1.00022
0
1.0043
1.00452
0
1.00535
1.01137
1.00416
1.00068
1.00076
1.00047
1.00035
1.00058
0
1.00095
1.00155
1.00087
1.00065
1.00077
1.00032
1.00031
1.00011
1.00104
1.00038
1.00037
0
1.00203
1.011
0
1.00659
1.00013
1.0008
1.00215
1.00159
1.00045
1.00029
1.00024
0
1.00375
0
1.01263
1.02244
1.00063
1.00053
1.00006
1.00014
1.00034
1.00009
1.0001
0
1.00615
1.00617
0
0
1.01085
1.00606
1.00071
1.00058
1.00021
1.00006
1.00026
0
1.00108
1.00132
1.00094
1.00116
1.00098
1.0022
1.00032
1.00018
1.00026
1.00056
1.00035
0
1.00149
1.00947
0
1.00478
1.00021
1.001
1.00059
1.0001
1.00022
1.00024
1.0002
0
1.00353
1.01448
0
1.02077
1.00037
1.00059
1.00008
1.0001
1.00017
1.00011
1.00019
0
1.00552
1.00588
0
0
1.00585
1.00839
1.0006
1.00046
1.00077
1.00034
1.00016
0
1.00223
1.00201
0
1.0018
1.00368
1.00323
1.00113
1.00021
1.00053
1.00019
1.00025
0
1.00143
1.00598
0
1.00319
1.00026
1.00498
1.00028
1.00062
1.00194
1.00021
1.00038
0
1.00316
1.01603
0
1.01585
1.00024
1.00039
1.00018
1.00011
1.00225
1.00017
1.00026
0
1.00558
0
1.00669
0
1.00719
1.00287
1.00106
1.00012
1.00047
1.00007
1.00021
0
1.0027
0
0
1.00281
1.00649
1.00448
1.00066
1.00027
1.00023
1.00024
1.0003
0
1.00133
1.00409
0
1.00236
1.00026
1.00063
1.0002
1.00012
1.00025
1.00019
1.00025
0
1.00276
1.01612
0
1.01287
1.00024
1.00046
1.00043
1.00013
1.00019
1.00014
1.00017
0
1.00483
0
1.00781
0
1.00409
1.00121
1.00028
1.00022
1.00074
1.00018
1.00025
0
1.00355
0
0
1.00368
1.01052
1.00575
1.00221
1.0005
1.00051
1.00021
1.00016
0
1.00161
1.00239
0
1.00169
1.00014
1.00046
1.00218
1.00052
1.00088
1.00017
1.00049
0
1.00224
1.01593
0
1.00969
1.0005
1.00118
1.00036
1.00019
1.00026
1.00018
1.00012
0
1.00067
0
1.00962
1.02813
1.0019
1.00094
1.00049
1.00042
1.00024
1.00017
1.0003
0
1.00479
0
0
1.0054
1.01283
1.01213
1.0005
1.00026
1.00192
1.00045
1.00024
0
1.00047
1.00143
1.00077
1.00082
1.00046
1.00023
1.00049
1.00007
1.0015
1.00051
1.00042
0
1.00193
1.0133
0
1.00682
1.00196
1.00604
1.00203
1.00144
1.00091
1.00022
1.00066
0
1.00349
0
1.01103
1.02385
1.00082
1.00475
1.0002
1.00012
1.00102
1.00007
1.00007
0
1.00563
1.00558
0
1.00616
1.02133
1.00957
1.00057
1.00062
1.00075
1.00025
1.00006
0
1.0009
1.0012
1.00093
1.00086
1.00171
1.00942
1.0004
1.00007
1.00158
1.00023
1.00055
0
1.00176
1.01248
0
1.00539
1.0002
1.00665
1.0003
1.00007
1.00073
1.00041
1.00038
0
1.00354
0
1.01334
1.02279
1.00162
1.00576
1.0002
1.00011
1.00135
1.00004
1.00027
0
1.00541
1.00554
0
0
1.02615
1.0064
1.00095
1.00024
1.00105
1.00015
1.00015
0
1.00154
1.00147
1.00133
1.00118
1.00244
1.00933
1.00041
1.00034
1.00206
1.00028
1.00036
0
1.00099
1.00811
0
1.00374
1.00141
1.00443
1.00029
1.00033
1.002
1.00022
1.00018
0
1.00341
1.01513
0
1.01741
1.00029
1.00036
1.0002
1.00008
1.00294
1.00013
1.00027
0
1.00555
0
1.00616
0
1.0106
1.00413
1.00111
1.00019
1.00041
1.00008
1.00018
0
1.00242
0
0
1.00241
1.00441
1.00314
1.00043
1.00032
1.00084
1.00026
1.0003
0
1.00111
1.00613
0
1.00281
1.00031
1.00071
1.00021
1.00013
1.00025
1.00009
1.0003
0
1.00307
1.01519
0
1.01458
1.00034
1.00034
1.00045
1.0001
1.00013
1.00013
1.00042
0
1.00498
0
1.00674
0
1.00559
1.0012
1.00023
1.00026
1.00017
1.00016
1.00018
0
1.00339
0
0
1.00341
1.00785
1.0046
1.00267
1.00013
1.00045
1.0002
1.0005
0
1.00168
1.00407
0
1.00201
1.00015
1.00041
1.0019
1.00091
1.00091
1.00021
1.00017
0
1.00249
1.01458
0
1.01058
1.0004
1.00085
1.00057
1.00013
1.00049
1.00007
1.00031
0
1.00117
0
1.00852
0
1.00204
1.00134
1.00019
1.00035
1.00055
1.00025
1.00018
0
1.00422
0
0
1.00475
1.0099
1.0047
1.0003
1.0008
1.00194
1.00059
1.00029
0
1.00128
1.00194
0
1.00091
1.00023
1.00019
1.00045
1.00007
1.00135
1.00017
1.00027
0
1.00187
1.01245
0
1.00855
1.0002
1.00051
1.00241
1.00086
1.00053
1.00017
1.00025
0
1.00427
0
1.01073
1.02605
1.00121
1.00064
1.00013
1.00019
1.00017
1.00007
1.00012
0
1.00608
1.00651
0
1.00687
1.01001
1.00705
1.00103
1.00038
1.00058
1.0001
1.00016
0
1.00099
1.00166
1.00106
1.00113
1.00068
1.00109
1.00007
1.00018
1.00032
1.00026
1.00027
0
1.00142
1.01206
0
1.00628
0
1.00111
1.0016
1.00009
1.00029
1.00012
1.00009
0
1.0038
0
1.01262
1.02492
1.0005
1.0008
1.00017
1.00024
1.00012
1.00005
1.00013
0
1.00557
1.00601
0
0
1.0101
1.00379
1.00161
1.00026
1.00016
1.00012
1.00022
0
1.00169
1.00164
1.00137
1.00123
1.0016
1.00201
1.00046
1.00021
1.00041
1.00029
1.00024
0
1.00136
1.00904
0
1.00456
1.00054
1.00321
1.00044
1.00028
1.00194
1.00042
1.00023
0
1.00386
1.01461
0
1.01961
1.00027
1.00039
1.00015
1.00012
1.00232
1.00009
1.00017
0
1.00554
1.00594
0
0
1.01095
1.00531
1.0011
1.00031
1.00036
1.00008
1.00012
0
1.0021
1.00201
1.00205
1.00205
1.00376
1.00237
1.00042
1.00028
1.00082
1.00055
1.00042
0
1.00131
1.00641
0
1.00342
1.00031
1.00063
1.00029
1.00015
1.00018
1.00025
1.00012
0
1.00321
1.0156
0
1.01614
1.00019
1.0003
1.00027
1.00014
1.00028
1.00012
1.00013
0
1.00538
1.00631
0
0
1.00494
1.0055
1.00014
1.00053
1.00097
1.00022
1.00038
0
1.00284
0
0
1.00233
1.00638
1.0048
1.00203
1.00061
1.00081
1.00021
1.00019
0
1.00188
1.0042
0
1.00252
1.0001
1.00053
1.0018
1.0011
1.00085
1.00027
1.00038
0
1.00272
1.01613
0
1.01233
1.00049
1.00109
1.00025
1.00022
1.00031
1.00017
1.00014
0
1.0051
0
1.00766
0
1.00445
1.0018
1.00026
1.00038
1.00036
1.00017
1.00013
0
1.00377
0
0
1.00422
1.0084
1.00525
1.00153
1.00027
1.00044
1.00052
1.0005
0
1.00135
1.00197
0
1.00128
1.00034
1.00041
1.00033
1.00012
1.00073
1.00023
1.00023
0
1.0002
0
0
1.00014
1.00007
1.00035
1.00313
1.00145
1.00037
1.0002
1.00019
0
1.00021
0
0
1.00018
1.00002
1.00024
1.00016
1.00016
1.00002
1.00012
1.00038
0
1.00007
0
0
1.0001
1.00001
1.00002
1.00037
1.00005
1.00003
1.00013
1.00005
0
1.00005
0
1.00002
1.00007
1
1
1.00001
1
1.00002
1.00003
1.00011
0
1.00006
0
1.00001
1.00004
1
1
1.00001
1
1.00001
1.00003
1.0001
0
1.00004
1.00002
0
1.00004
1
1
1
1
1.00001
1.00005
1.00005
0
1.00014
0
0
1.00005
1.00002
1.00001
1
1
1.00002
1.00012
1.00043
0
1.00005
0
1.00005
1.00006
1.00006
1.00005
1.00009
1.00002
1.00002
1.00005
1.00017
0
1.00003
0
1.00001
1.00012
1.00001
1.00002
1.00026
1.00067
1.00017
1.00052
1.00014
0
1.00007
0
0
1.00009
1.00004
1.00001
1.00009
1.00033
1.00002
1.00034
1.00015
0
1.00632
1.00627
0
0
1.00938
1.00468
1.00156
1.00057
1.00032
1.00011
1.00019
0
1.00173
1.00168
1.00197
0
1.00424
1.00334
1.00095
1.00009
1.00013
1.00023
1.00072
0
1.00148
1.00629
0
1.00326
0
1.00053
1.00017
1.0002
1.00071
1.0002
1.00024
0
1.0035
1.01561
0
1.0156
1.00018
1.00035
1.00019
1.00005
1.00013
1.00012
1.00015
0
1.00518
1.0065
0
0
1.00613
1.00229
1.00024
1.00037
1.00092
1.00012
1.0001
0
1.003
0
0
1.0026
1.00662
1.00554
1.0018
1.0003
1.00027
1.00024
1.00027
0
1.00173
1.00399
0
1.00234
1.00005
1.00045
1.00175
1.001
1.00216
1.00022
1.00015
0
1.00281
1.01638
0
1.01207
1.00042
1.00097
1.00033
1.00025
1.00023
1.00019
1.00021
0
1.00496
0
1.00765
0
1.0027
1.00179
1.00016
1.00058
1.00024
1.0002
1.00014
0
1.00397
0
0
1.00432
1.01088
1.01339
1.0006
1.00057
1.00054
1.0004
1.00016
0
1.00121
1.00205
0
1.0011
1.00027
1.00033
1.00036
1.00007
1.00092
1.00039
1.00025
0
1.00198
1.01382
0
1.00856
1.0002
1.00014
1.0029
1.00076
1.00054
1.00025
1.00017
0
1.00423
0
1.00989
1.02686
1.00195
1.00075
1.0001
1.00009
1.00016
1.0001
1.00007
0
1.00516
1.00554
0
1.00603
1.01015
1.00748
1.00081
1.00078
1.00049
1.00011
1.00017
0
1.00032
1.00137
1.00094
1.00029
1.00041
1.00103
1.00011
1.00014
1.00025
1.00033
1.00045
0
1.0019
1.01534
0
1.00724
1.00021
1.00121
1.00041
1.00007
1.00046
1.00027
1.00034
0
1.00625
0
1.00933
1.01979
1.00219
1.00081
1.00042
1.00033
1.00018
1.00011
1.00015
0
1.00549
1.00585
0
0
1.01021
1.00457
1.0007
1.00041
1.001
1.00034
1.00045
0
1.00161
1.0016
1.00144
1.00115
1.00177
1.00213
1.00058
1.00019
1.00018
1.00018
1.00029
0
1.00141
1.01008
0
1.00413
1.00049
1.00279
1.00021
1.00042
1.002
1.00042
1.00059
0
1.00364
1.01495
0
1.01891
1.00019
1.00018
1.00009
1.00013
1.00287
1.00015
1.0003
0
1.00587
1.00635
0
0
1.01177
1.00364
1.00131
1.00042
1.00018
1.00011
1.00013
0
1.00222
0
0
1.00228
1.00416
1.00319
1.00043
1.00046
1.00018
1.00033
1.00033
0
1.00125
1.00728
0
1.00303
1.00034
1.00058
1.00028
1.00008
1.00017
1.00017
1.00023
0
1.00348
1.01553
0
1.01527
1.00021
1.00033
1.00027
1.00012
1.00022
1.00011
1.00044
0
1.00498
1.00679
0
0
1.0048
1.00242
1.00048
1.0003
1.00021
1.0002
1.00014
0
1.00314
0
0
1.0028
1.00716
1.0048
1.00145
1.00056
1.00037
1.00015
1.00021
0
1.00171
1.00491
0
1.00206
1.00007
1.00042
1.00195
1.00111
1.00116
1.00033
1.00019
0
1.0025
1.01572
0
1.01108
1.00038
1.00086
1.00036
1.00021
1.00056
1.00017
1.0005
0
1.00135
0
1.00797
0
1.00244
1.00128
1.00027
1.00043
1.00059
1.00018
1.00009
0
1.00403
0
0
1.00449
1.01084
1.00464
1.00057
1.00059
1.00189
1.00021
1.00021
0
1.00119
1.00272
0
1.00093
1.00031
1.00051
1.0004
1.00016
1.00153
1.00047
1.00058
0
1.00187
1.0138
0
1.00877
1.00191
1.00564
1.00216
1.00112
1.00146
1.00029
1.00017
0
1.00392
0
1.00963
1.02633
1.00113
1.00439
1.00026
1.00022
1.0007
1.00007
1.00006
0
1.00494
0
0
1.00525
1.01789
1.01125
1.00029
1.0008
1.00157
1.00027
1.00029
0
1.00037
1.00198
1.00112
1.00037
1.00047
1.00891
1.00023
1.0001
1.00153
1.00007
1.00036
0
1.00184
1.01419
0
1.00736
1.00255
1.00668
1.00045
1.00027
1.00155
1.00028
1.0003
0
1.00359
0
1.01197
1.02453
1.00166
1.00572
1.00015
1.00013
1.00069
1.00006
1.00012
0
1.0051
1.00542
0
1.00561
1.02351
1.00397
1.00154
1.00024
1.00176
1.00044
1.00029
0
1.00151
1.00162
1.00123
1.00124
1.00261
1.00794
1.00041
1.00024
1.00212
1.00023
1.00022
0
1.00128
1.00992
0
1.00467
1.00184
1.00309
1.00049
1.00036
1.00222
1.00012
1.00021
0
1.00399
0
1.01404
1.02052
1.00034
1.00023
1.00015
1.0001
1.00221
1.00014
1.00012
0
1.00543
1.00562
0
0
1.01114
1.0059
1.00095
1.00053
1.00047
1.00004
1.00006
0
1.00187
1.00177
1.00176
1.00157
1.00291
1.00284
1.0004
1.00052
1.00038
1.00037
1.00091
0
1.00137
1.00817
0
1.00359
0
1.00079
1.00048
1.00005
1.00065
1.00029
1.00019
0
1.00369
1.01466
0
1.01728
1.0002
1.00033
1.0015
1.00012
1.00013
1.00017
1.00011
0
1.00517
1.00597
0
0
1.00425
1.00455
1.00053
1.0002
1.00066
1.00019
1.00027
0
1.00244
1.00237
0
1.00223
1.00453
1.00384
1.00147
1.00033
1.00038
1.00018
1.00039
0
1.00182
1.00562
0
1.00292
1.0001
1.00029
1.00159
1.00072
1.00139
1.00025
1.00022
0
1.00275
1.01497
0
1.01266
1.00026
1.00086
1.0001
1.0002
1.00062
1.00027
1.00022
0
1.00526
0
1.00703
0
1.00434
1.00217
1.00022
1.00047
1.0006
1.00018
1.00038
0
1.0038
0
0
1.00401
1.00977
1.01339
1.00013
1.00071
1.00043
1.00043
1.00027
0
1.00136
1.00284
0
1.00128
1.0002
1.00058
1.00039
1.00012
1.00061
1.00032
1.00031
0
1.00208
1.01372
0
1.01065
1.0002
1.00044
1.0024
1.0012
1.00069
1.00022
1.00015
0
1.00095
0
1.00908
1.02815
1.00229
1.00136
1.00017
1.00027
1.00078
1.00011
1.00004
0
1.00534
0
0
1.00581
1.00945
1.00708
1.00041
1.00042
1.00043
1.00016
1.00022
0
1.00137
1.00169
1.00113
1.00127
1.00033
1.00065
1.00008
1.00006
1.00044
1.00022
1.00031
0
1.00183
1.01554
0
1.00756
1.00033
1.00111
1.00044
1.00012
1.00028
1.00019
1.00024
0
1.00429
0
1.0114
1.02703
1.00074
1.00091
1.0002
1.00015
1.00013
1.00005
1.00021
0
1.00495
1.00525
0
1.00623
1.01174
1.00622
1.00086
1.00084
1.00126
1.00044
1.00032
0
1.00109
1.0013
1.001
1.00106
1.00077
1.00091
1.00029
1.00018
1.00036
1.00021
1.00031
0
1.00174
1.01287
0
1.00562
1.00033
1.0029
1.00051
1.00028
1.00099
1.00062
1.0002
0
1.00424
0
1.01313
1.0221
1.00053
1.00017
1.00009
1.00018
1.00216
1.00011
1.0001
0
1.00558
1.0059
0
0
1.01289
1.00577
1.00111
1.00071
1.00106
1.00014
1.00009
0
1.00136
1.00134
1.00139
1.00166
1.00232
1.00174
1.00045
1.00041
1.00031
1.00033
1.00035
0
1.00132
1.01036
0
1.00456
0
1.00073
1.00014
1.00012
1.00035
1.00013
1.0004
0
1.00438
1.0142
0
1.0179
1.00017
1.00013
1.0003
1.00013
1.00028
1.00008
1.00022
0
1.00528
1.00567
1.0044
0
1.00717
1.00294
1.00129
1.0004
1.00052
1.00042
1.0001
0
1.00118
1.00092
1.00069
1.00093
1.0024
1.00312
1.00177
1.00023
1.00072
1.0002
1.0002
0
1.00197
1.00711
0
1.00302
1.00011
1.00038
1.00159
1.00134
1.0009
1.00014
1.00022
0
1.00287
1.0153
0
1.01369
1.00032
1.00071
1.00037
1.0002
1.00059
1.00015
1.00021
0
1.00535
1.00673
0
0
1.00398
1.00256
1.00034
1.00042
1.00054
1.00017
1.00027
0
1.00318
0
0
1.00336
1.00814
1.0037
1.00046
1.00044
1.00192
1.00023
1.00034
0
1.00128
1.00411
0
1.00146
1.00014
1.00049
1.00054
1.00014
1.00129
1.00038
1.00052
0
1.0021
1.01457
0
1.01118
1.00186
1.00554
1.00216
1.0008
1.00108
1.0002
1.00019
0
1.00125
0
1.00792
0
1.00201
1.00438
1.00041
1.00037
1.00067
1.00007
1.00026
0
1.00431
0
0
1.00448
1.0129
1.01122
1.00028
1.00079
1.00158
1.00029
1.00028
0
1.00043
1.00289
0
1.00144
1.00329
1.00887
1.0002
1.0001
1.00149
1.00017
1.00011
0
1.00191
1.01583
0
1.00948
1.00257
1.00656
1.00044
1.00029
1.00164
1.00026
1.00031
0
1.00384
0
1.01028
1.02726
1.00121
1.00526
1.0001
1.00015
1.00064
1.00004
1.00011
0
1.00432
0
0
1.00455
1.01725
1.00642
1.00122
1.00034
1.00126
1.00055
1.00046
0
1.00138
1.00196
1.00123
1.00088
1.0005
1.00849
1.00031
1.00007
1.00187
1.00015
1.00038
0
1.00156
1.01254
0
1.00702
1.0022
1.00414
1.00189
1.00019
1.00251
1.00018
1.00039
0
