0
0
0
1.00131
1.00164
1.00099
1.00317
1.00262
1.00121
1.0004
1.00039
0
0
0
0
0
1.00022
1.00025
1.002
1.00014
1.00089
1.00026
1.00016
0
1.00009
0
0
1.0002
0
1.00016
1.00074
1.00132
1.00103
1.00015
1.00016
0
0
0
0
1.00012
0
1.00014
1.00127
1.0006
1.00038
1.00018
1.00031
0
1.00009
0
0
1.00008
0
1.00007
1.00156
1.0001
1.00066
1.00033
1.00014
0
1.00034
0
0
0
1.00326
1.00404
1.00122
1.00111
1.00105
1.00042
1.00028
0
0
0
0
0
1.00012
1.00007
1.00124
1.00157
1.00037
1.00011
1.0003
0
1.00019
0
0
0
1.00003
1.00012
1.00075
1.00005
1.00089
1.00028
1.00016
0
1.00015
0
0
1.00015
0
1.00079
1.00143
1.00017
1.00045
1.00014
1.00013
0
1.00012
0
0
1.00007
0
1.00054
1.00125
1.00112
1.00068
1.00042
1.00026
0
0
0
0
0
0
1.00125
1.00119
1.00053
1.00093
1.00092
1.00024
0
1.00022
0
0
0
1.00049
1.00029
1.00302
1.00126
1.00135
1.0001
1.00028
0
0
0
0
1.00018
0
1.00026
1.00199
1.00019
1.0008
1.00006
1.00007
0
1.00011
0
0
0
1.00015
1.00055
1.00068
1.00142
1.00055
1.00041
1.00051
0
1.00009
0
0
1.00016
0
1.00027
1.00165
1.00007
1.00052
1.00024
1.00023
0
0
0
0
0
1.00012
1.00013
1.00145
1.00027
1.00052
1.00013
1.00022
0
0
0
0
0
1.00108
1.00059
1.00137
1.00095
1.00043
1.00023
1.00037
0
0
0
0
1.00009
0
1.00004
1.0005
1.00142
1.00068
1.00014
1.00017
0
1.00006
0
0
0
0
1.00051
1.00063
1.00097
1.00014
1.00036
1.00032
0
1.00007
0
0
1.00009
0
1.00063
1.00154
1.00014
1.00046
1.00011
1.00016
0
0
0
0
1.00011
0
1.00044
1.00062
1.00075
1.00042
1.00012
1.00011
0
0
0
0
0
1.00192
1.00107
1.00321
1.00244
1.0012
1.0004
1.00045
0
0
0
0
0
1.00016
1.00023
1.00216
1.00013
1.00103
1.00019
1.00015
0
0
0
0
1.00015
0
1.00018
1.00073
1.00132
1.00095
1.00021
1.00016
0
0
0
0
1.00017
0
1.00016
1.00119
1.00013
1.00041
1.00015
1.00033
0
1.0001
0
0
0
1.00013
1.0001
1.00157
1.00126
1.00071
1.00031
1.00008
0
1.0003
0
0
0
0
1.0046
1.00152
1.00104
1.00104
1.00045
1.00027
0
0
0
0
0
1.00015
1.0001
1.00111
1.00017
1.00033
1.00012
1.00029
0
1.00021
0
0
1.00006
0
1.00011
1.00073
1.0009
1.00088
1.00008
1.00016
0
1.00014
0
0
0
0
1.00072
1.00145
1.0002
1.00019
1.00016
1.00013
0
1.00017
0
0
1.00011
0
1.00061
1.00135
1.0012
1.00065
1.00042
1.00022
0
0
0
0
1.0001
1.00023
1.00021
1.00162
1.00021
1.00099
1.00065
1.00042
0
0
0
0
0
1.00135
1.00052
1.00239
1.00021
1.0009
1.00012
1.00004
0
1.00007
0
0
1.00006
1.0002
1.00051
1.00094
1.00015
1.0004
1.00006
1.00017
0
1.00011
0
0
0
1.00023
1.00184
1.00175
1.0003
1.00414
1.00069
1.00061
0
0
1.00021
0
0
1.00021
1.00098
1.00132
1.00389
1.00152
1.00017
1.00021
0
0
0
0
0
1.00019
1.00062
1.00062
1.0037
1.00276
1.00042
1.00042
0
0
0
0
0
1.00123
1.00022
1.00178
1.00123
1.00104
1.00031
1.00018
0
1.00005
0
0
0
1.00024
1.00055
1.00045
1.00023
1.00548
1.00032
1.00023
0
0
0
1.00014
0
1.00021
1.00052
1.00033
1.00017
1.00247
1.00008
1.00027
0
0
0
0
0
1.00012
1.00031
1.00014
1.00275
1.00143
1.00022
1.00038
0
0
0
0
0
1.00015
1.00067
1.0002
1.00233
1.00291
1.00016
1.00013
0
0
0
0
0
1.00221
1.00115
1.0031
1.00236
1.00128
1.00039
1.00042
0
0
0
0
0
1.00021
1.00022
1.00222
1.00019
1.00105
1.00027
1.00015
0
0
0
0
1.00011
0
1.00015
1.00081
1.0013
1.00093
1.00017
1.00014
0
0
0
0
0
0
1.00014
1.00117
1.00064
1.00039
1.00015
1.00033
0
0
0
0
0
1.00011
1.00027
1.00157
1.00125
1.00072
1.00029
1.0001
0
1.00036
0
0
0
0
1.00481
1.00167
1.00094
1.00115
1.00059
1.00031
0
0
0
0
0
1.00017
1.00011
1.00111
1.00012
1.00023
1.00012
1.0003
0
1.00018
0
0
0
1.00006
1.00014
1.00064
1.00098
1.00082
1.0001
1.00013
0
0
0
1.00016
0
0
1.00082
1.00142
1.00021
1.00024
1.00021
1.00014
0
1.00018
0
0
0
0
1.00053
1.00131
1.00011
1.00059
1.00046
1.00025
0
0
0
0
0
1.00115
1.00104
1.00105
1.00104
1.00054
1.00038
1.00011
0
1.00015
0
0
0
1.00074
1.00025
1.00302
1.00006
1.00133
1.00011
1.00022
0
0
0
0
1.00017
0
1.00024
1.00222
1.00018
1.00085
1.00015
1.00011
0
1.00015
0
0
0
1.00011
1.00056
1.0005
1.00155
1.00032
1.0004
1.00038
0
1.00007
0
0
1.00009
0
1.00009
1.00146
1.00164
1.00049
1.00021
1.0002
0
0
0
0
1.00012
0
1.00006
1.00142
1.00136
1.00058
1.00018
1.00028
0
0
0
0
0
1.00112
1.00067
1.00141
1.00038
1.00044
1.00017
1.00037
0
0
0
0
1.00009
0
1.00005
1.0004
1.00153
1.00072
1.00015
1.00014
0
1.00006
0
0
0
1.00025
1.0004
1.00051
1.00012
1.00061
1.00026
1.00037
0
0
0
0
1.00011
0
1.00072
1.00168
1.00018
1.0004
1.00011
1.00013
0
0
0
0
1.00005
0
1.00039
1.00044
1.00074
1.00039
1.00012
1.00007
0
0
0
0
0
1.00257
1.00113
1.00306
1.00017
1.00117
1.00034
1.00055
0
0
0
0
0
1.00025
1.00022
1.00232
1.00023
1.00115
1.00024
1.00015
0
0
0
0
1.00018
0
1.00015
1.00075
1.00128
1.00085
1.00019
1.00014
0
0
0
0
1.00016
0
1.00012
1.00111
1.00011
1.00043
1.00019
1.00037
0
1.00012
0
0
1.00008
0
1.00011
1.00154
1.00135
1.00073
1.00036
1.00014
0
1.00032
0
0
0
0
1.00491
1.00301
1.00095
1.0011
1.00036
1.00035
0
0
0
0
0
1.00018
1.0001
1.00095
1.00019
1.00028
1.00029
1.00026
0
1.00017
0
0
0
0
1.00011
1.00063
1.00098
1.0008
1.00012
1.00018
0
0
1.00014
0
0
0
1.00084
1.00143
1.00023
1.00025
1.00025
1.00015
0
1.00016
0
0
1.0001
0
1.0006
1.00126
1.00014
1.00058
1.00046
1.0003
0
0
0
0
0
0
1.00024
1.00148
1.00044
1.00085
1.00058
1.0004
0
0
0
0
0
1.00144
1.00052
1.00054
1.00021
1.00096
1.00013
1.00007
0
0
0
0
0
1.00022
1.00053
1.00057
1.00018
1.00034
1.00007
1.00017
0
1.00012
0
0
1.00018
1.00016
1.00215
1.002
1.00038
1.00395
1.00069
1.00057
0
1.00023
0
0
0
1.00021
1.00113
1.00135
1.00434
1.00171
1.00025
1.00022
0
1.00027
0
0
0
1.00014
1.00058
1.00071
1.0032
1.00314
1.00027
1.00037
0
0
0
0
0
1.00117
1.00035
1.00264
1.00128
1.0011
1.00037
1.00028
0
0
1.00007
0
0
1.00025
1.00058
1.00047
1.00027
1.00545
1.0003
1.00019
0
1.00015
0
0
0
1.00015
1.00054
1.00036
1.00017
1.00303
1.00008
1.00028
0
0
0
0
0
1.00018
1.0004
1.0014
1.00245
1.00179
1.0002
1.00035
0
1.00021
0
0
0
1.00005
1.00074
1.00079
1.00019
1.00236
1.00018
1.00008
0
1.00033
0
0
0
1.00281
1.00115
1.00311
1.00195
1.00036
1.00035
1.0005
0
0
0
0
0
1.00017
1.00024
1.00251
1.00025
1.00121
1.00023
1.00019
0
0
0
0
1.00011
0
1.00015
1.00084
1.00122
1.00084
1.0002
1.00013
0
0
0
0
1.00016
0
1.0001
1.00105
1.00064
1.00038
1.00022
1.00044
0
0
0
0
1.00015
0
1.00019
1.00163
1.00135
1.00069
1.00039
1.00028
0
1.00033
0
0
0
0
1.00491
1.00333
1.00098
1.00111
1.00071
1.00035
0
0
0
0
0
1.00019
1.00017
1.0009
1.00016
1.00076
1.00016
1.00028
0
1.00019
0
0
0
1.00006
1.00009
1.00025
1.00103
1.00079
1.0001
1.00018
0
0
0
1.00012
0
0
1.00085
1.00145
1.0003
1.00044
1.00033
1.0001
0
1.00024
0
0
0
0
1.00062
1.00121
1.00016
1.00059
1.00048
1.00035
0
0
0
0
0
1.00052
1.00065
1.00114
1.00102
1.00091
1.00049
1.00027
0
0
0
0
0
1.0009
1.00027
1.00313
1.00038
1.00131
1.00015
1.00017
0
0
0
0
1.0001
0
1.00016
1.00241
1.00023
1.00092
1.0002
1.00013
0
1.00012
0
0
1.0001
0
1.00053
1.00034
1.00149
1.00037
1.00027
1.00009
0
1.00011
0
0
0
1.00011
1.00007
1.00131
1.00146
1.00035
1.0002
1.00025
0
1.00013
0
0
1.00019
0
1.00006
1.00139
1.00018
1.00056
1.00015
1.00024
0
0
0
0
1.00124
1.00109
1.00079
1.00136
1.00057
1.00042
1.00031
1.00035
0
1.00005
0
0
0
1.00002
1.00006
1.0004
1.00012
1.00074
1.00014
1.00012
0
1.0001
0
0
0
0
1.00029
1.00083
1.0007
1.00063
1.00017
1.00024
0
0
0
0
1.00004
0
1.00066
1.0018
1.00068
1.00032
1.00006
1.0001
0
0
0
0
1.00008
0
1.00041
1.00047
1.0007
1.0004
1.00027
1.00011
0
1.00033
0
0
0
1.00298
1.00106
1.00297
1.00027
1.00139
1.00032
1.0005
0
0
0
0
0
1.00023
1.00018
1.0026
1.00079
1.00118
1.00022
1.00024
0
0
0
0
1.00012
0
1.00015
1.00086
1.00123
1.00081
1.00019
1.00014
0
0
0
0
1.00012
0
1.00012
1.00105
1.00075
1.00046
1.00018
1.00041
0
0
0
0
1.00008
0
1.00016
1.00156
1.00143
1.00071
1.00043
1.00033
0
1.00027
0
0
0
0
1.00475
1.00365
1.00094
1.00111
1.00049
1.00039
0
0
0
0
0
1.00022
1.00016
1.0009
1.00016
1.00083
1.00019
1.00022
0
1.00015
0
0
1.00005
0
1.00011
1.00025
1.00104
1.00077
1.00012
1.00018
0
0
0
1.0001
1.00012
0
1.00083
1.00146
1.00144
1.00038
1.00037
1.00013
0
0
0
0
0
0
1.00059
1.00127
1.00022
1.00056
1.00049
1.00029
0
0
0
0
1.00007
0
1.00025
1.00133
1.0005
1.00075
1.00063
1.00029
0
0
0
0
0
1.00143
1.0005
1.00248
1.00017
1.00011
1.00013
1.00003
0
0
0
0
0
1.00021
1.00051
1.00059
1.00016
1.00034
1.00005
1.00017
0
0
0
0
1.00018
0
1.0023
1.00206
1.00053
1.0035
1.00027
1.00054
0
1.00023
0
0
0
1.00018
1.00111
1.00142
1.00408
1.00163
1.00021
1.00039
0
0
1.00022
0
0
1.00023
1.00067
1.00072
1.00266
1.0033
1.0003
1.00039
0
0
0
0
1.00132
1.00121
1.00058
1.00267
1.00135
1.00108
1.00044
1.00026
0
0
0
0
0
1.00031
1.00048
1.00043
1.00027
1.00517
1.00031
1.00015
0
1.00015
0
0
0
1.00013
1.00046
1.00036
1.00016
1.00318
1.00015
1.00025
0
1.00007
0
0
0
1.00015
1.0004
1.00151
1.00234
1.00212
1.00018
1.00029
0
1.00018
0
0
0
1.00018
1.00065
1.00029
1.00011
1.00233
1.00042
1.00008
0
0
0
0
0
1.00337
1.00136
1.00119
1.00041
1.00095
1.00077
1.00029
0
0
0
1.0001
0
1.00042
1.00084
1.00039
1.00222
1.00167
1.00019
1.00006
0
0
0
0
1.00008
1.0004
1.00104
1.00271
1.00036
1.00214
1.00015
1.00004
0
0
0
0
0
1.00035
1.00177
1.00118
1.00099
1.00332
1.0001
1.00016
0
1.0001
0
0
1.00007
0
1.00092
1.00036
1.00129
1.00232
1.00051
1.00016
0
1.00021
0
0
0
1.00229
1.00149
1.00063
1.00162
1.00061
1.00061
1.00038
0
1.00017
0
0
0
1.00043
1.00084
1.00047
1.00204
1.00182
1.00021
1.00005
0
0
0
0
1.00005
0
1.00109
1.00163
1.00046
1.00104
1.0001
1.00006
0
1.00009
0
0
0
1.00033
1.00126
1.00134
1.00117
1.00296
1.00058
1.0002
0
0
0
0
1.00007
0
1.00108
1.00133
1.00161
1.0013
1.0002
1.00013
0
0
0
0
1.00012
1.00017
1.00142
1.00045
1.00055
1.00141
1.00045
1.0002
0
0
0
0
0
1.00124
1.00099
1.00218
1.00192
1.00088
1.00028
1.00021
0
0
0
0
1.00006
1.00028
1.00083
1.00057
1.00115
1.00299
1.00006
1.00008
0
0
0
0
1.00009
0
1.0008
1.00039
1.00115
1.00206
1.00024
1.00015
0
1.00006
0
0
0
1.00033
1.00126
1.0014
1.00068
1.00071
1.00012
1.00013
0
1.00006
0
0
1.00008
0
1.00157
1.00026
1.00035
1.00152
1.00015
1.00016
0
0
0
0
1.00126
1.00172
1.00082
1.00067
1.00188
1.00156
1.00024
1.00018
0
0
0
0
0
1.00031
1.00067
1.00115
1.00194
1.00224
1.00007
1.00012
0
1.0001
0
0
0
1.00006
1.00095
1.00258
1.0008
1.00165
1.00015
1.00006
0
0
0
0
1.00008
0
1.00156
1.00135
1.00116
1.00181
1.00011
1.00009
0
1.00009
0
0
0
1.0004
1.00127
1.0009
1.00018
1.00172
1.00018
1.00005
0
1.0002
0
0
0
1.00365
1.00149
1.00123
1.00039
1.00053
1.00088
1.00031
0
0
0
0
0
1.00054
1.00077
1.00038
1.00226
1.00173
1.00018
1.00004
0
1.00007
0
0
1.00004
1.0004
1.00104
1.00267
1.00036
1.00224
1.00013
1.00025
0
0
0
0
1.0001
1.00027
1.00183
1.00123
1.001
1.00348
1.00016
1.00013
0
1.00015
0
0
0
1.00038
1.00087
1.00031
1.00113
1.0023
1.00055
1.0001
0
0
0
0
1.00026
0
1.00166
1.00268
1.0019
1.00074
1.00065
1.00045
0
1.00023
0
0
0
1.00045
1.00096
1.00045
1.00212
1.00172
1.00028
1.00007
0
0
0
0
0
1.00013
1.00106
1.00153
1.00054
1.00184
1.00011
1.00005
0
1.00009
0
0
0
1.00035
1.00111
1.0013
1.00125
1.00285
1.00056
1.0002
0
1.00015
0
0
1.00007
0
1.00108
1.00133
1.00177
1.00112
1.0002
1.00013
0
0
0
0
1.00011
0
1.00134
1.00029
1.00159
1.00138
1.00043
1.00026
0
0
0
0
0
1.00131
1.00102
1.00234
1.00193
1.00103
1.00019
1.00021
0
1.00006
0
0
1.00008
1.00032
1.00077
1.00061
1.00125
1.00317
1.00006
1.00013
0
1.00015
0
0
1.00027
0
1.00224
1.00189
1.00059
1.00293
1.00041
1.00049
0
1.00029
0
0
0
1.00018
1.00102
1.00146
1.00399
1.00055
1.00017
1.00043
0
0
0
1.00025
1.00021
0
1.00061
1.00075
1.00019
1.00348
1.00031
1.00025
0
0
0
0
1.00149
1.00138
1.00072
1.00263
1.00131
1.00148
1.00045
1.00028
0
0
0
0
0
1.00022
1.00048
1.00039
1.0003
1.00474
1.0003
1.00015
0
0
1.0001
0
0
1.00019
1.00036
1.00041
1.0001
1.00331
1.00023
1.00024
0
0
0
0
0
1.00013
1.00056
1.00035
1.00194
1.00238
1.00016
1.00024
0
1.00013
0
0
0
1.00016
1.00057
1.00034
1.00012
1.00238
1.00045
1.00033
0
0
0
0
0
1.00384
1.0012
1.0026
1.00112
1.00157
1.00014
1.00054
0
0
0
0
0
1.00021
1.00026
1.00289
1.00096
1.00135
1.00023
1.00026
0
0
0
0
1.00014
0
1.00012
1.00101
1.00111
1.00069
1.00005
1.00019
0
1.00014
0
0
1.00009
0
1.00009
1.00096
1.00096
1.00067
1.00023
1.00052
0
0
0
0
1.00008
0
1.00011
1.00167
1.00163
1.0006
1.00047
1.00031
0
0
0
0
1.00026
1.00144
1.00365
1.00389
1.00088
1.00051
1.00065
1.00055
0
1.00025
0
0
1.0001
1.00033
1.00004
1.00024
1.00022
1.00103
1.00018
1.00026
0
1.00013
0
0
0
0
1.00008
1.00038
1.00107
1.00074
1.00012
1.00016
0
1.00012
0
0
1.00018
0
1.00089
1.00132
1.00142
1.00032
1.00045
1.00019
0
0
0
0
0
0
1.00063
1.00123
1.00079
1.00062
1.00045
1.00036
0
0
0
0
0
1.00004
1.00031
1.00115
1.00063
1.00061
1.0002
1.00021
0
0
0
0
0
1.00123
1.00027
1.00316
1.00015
1.00134
1.00029
1.00024
0
0
0
0
1.00014
0
1.00017
1.00225
1.00058
1.00092
1.00024
1.00014
0
0
0
0
1.00015
0
1.00065
1.00039
1.00147
1.00069
1.00018
1.00026
0
1.00006
0
0
0
1.00006
1.00012
1.00126
1.00014
1.00033
1.00019
1.00035
0
0
0
0
1.00012
0
1.0002
1.00145
1.00011
1.00042
1.00019
1.00022
0
0
0
0
1.00146
1.00154
1.00077
1.0014
1.00075
1.00058
1.00038
1.00031
0
1.00003
0
0
0
1.00007
1.00007
1.00125
1.00007
1.00067
1.00016
1.00018
0
0
0
0
0
1.00005
1.00012
1.00018
1.00009
1.00068
1.00011
1.00018
0
1.00009
0
0
0
1.00017
1.00071
1.00174
1.00102
1.00031
1.00011
1.0001
0
0
0
0
0
1.00006
1.00044
1.00066
1.00061
1.00043
1.00034
1.00012
0
0
0
0
0
1.00406
1.00123
1.00257
1.00048
1.00149
1.00023
1.00051
0
0
0
0
0
1.00022
1.00026
1.00292
1.00103
1.00136
1.00018
1.00022
0
0
0
0
1.00016
0
1.0001
1.00102
1.00104
1.00063
1.00019
1.00007
0
1.00014
0
0
1.00017
0
1.00011
1.001
1.00103
1.00065
1.0003
1.00051
0
0
0
0
1.00013
0
1.00008
1.00173
1.00165
1.00059
1.00047
1.00033
0
0
0
0
0
1.00114
1.0033
1.00362
1.00084
1.00049
1.00073
1.00053
0
1.00027
0
0
0
1.00038
1.00006
1.0003
1.00022
1.00104
1.00014
1.00024
0
1.00015
0
0
0
1.00003
1.00006
1.00045
1.00116
1.00076
1.0001
1.00018
0
1.00009
0
0
0
0
1.00089
1.00134
1.00143
1.00036
1.00049
1.00022
0
0
0
0
1.00011
0
1.0006
1.00124
1.00073
1.00072
1.00042
1.00035
0
1.00008
0
0
1.00007
0
1.00031
1.00115
1.00073
1.00036
1.00028
1.00024
0
0
0
0
1.00135
1.00174
1.00066
1.00279
1.00033
1.0001
1.00011
1.00004
0
0
0
0
0
1.00026
1.00052
1.00066
1.00021
1.00032
1.00007
1.00012
0
0
0
0
0
0
1.00224
1.00195
1.00067
1.00233
1.00053
1.00049
0
1.00022
0
0
0
1.00025
1.00105
1.0015
1.00028
1.00047
1.00021
1.00031
0
0
1.00018
0
0
1.00014
1.00067
1.00078
1.00018
1.00358
1.00027
1.00016
0
0
0
0
1.00164
1.00164
1.00078
1.00273
1.00134
1.00188
1.00045
1.00025
0
0
0
0
0
1.00023
1.00053
1.00038
1.00029
1.00444
1.00036
1.00012
0
1.00009
0
0
0
1.00015
1.00033
1.0004
1.0001
1.00322
1.00026
1.0002
0
0
0
0
0
1.00017
1.00072
1.00036
1.00174
1.00268
1.00024
1.00021
0
1.00017
0
0
0
1.00013
1.00054
1.00033
1.00008
1.00234
1.00059
1.00018
0
1.00033
0
0
0
1.0044
1.00152
1.00237
1.00072
1.00158
1.00029
1.00057
0
0
0
0
1.00011
0
1.00027
1.00309
1.00107
1.00137
1.00021
1.00025
0
1.00004
0
0
1.0001
0
1.00012
1.00115
1.00099
1.00066
1.0002
1.00021
0
0
0
0
1.00014
0
1.00008
1.00107
1.00109
1.00065
1.00032
1.00057
0
0
0
0
1.00018
0
1.00009
1.00168
1.00177
1.00058
1.00045
1.0004
0
0
0
0
1.00021
1.00077
1.00246
1.00329
1.00078
1.0004
1.00055
1.0005
0
1.00025
0
0
0
1.00048
1.00008
1.00096
1.00022
1.0011
1.00023
1.00028
0
1.00016
0
0
0
0
1.00006
1.00081
1.00117
1.00071
1.00013
1.00018
0
1.00012
0
0
0
1.0005
1.00083
1.00112
1.00142
1.00024
1.00023
1.00029
0
0
0
0
1.00007
0
1.0006
1.00133
1.00062
1.00071
1.00038
1.00029
0
1.00007
0
0
0
1.00009
1.00032
1.00103
1.00033
1.00033
1.00012
1.00021
0
0
0
0
0
1.00132
1.00044
1.00328
1.00217
1.00141
1.00037
1.00026
0
0
0
0
1.00012
0
1.00019
1.00209
1.00065
1.00052
1.00026
1.00014
0
1.00016
0
0
1.00012
0
1.0002
1.00054
1.00036
1.00085
1.00006
1.00023
0
0
0
0
0
1.00007
1.00013
1.00134
1.00094
1.00039
1.00013
1.00033
0
0
0
0
1.00015
0
1.00027
1.00141
1.00164
1.00056
1.00018
1.00017
0
0
0
0
0
1.00194
1.00094
1.00125
1.00091
1.00074
1.00016
1.0003
0
0
0
0
1.00004
1.00003
1.00009
1.00136
1.00178
1.00062
1.00021
1.00023
0
0
0
0
0
1.00004
1.00005
1.00011
1.00011
1.00076
1.00016
1.00015
0
0
0
0
0
1.0001
1.00076
1.00172
1.00111
1.0003
1.00013
1.00012
0
1.0001
0
0
0
0
1.00043
1.00078
1.00016
1.00045
1.00028
1.00015
0
1.00031
0
0
0
0
1.0016
1.00222
1.00075
1.00153
1.00042
1.00057
0
0
0
0
1.00019
1.00036
1.00027
1.00301
1.00116
1.0013
1.00015
1.00027
0
1.00003
0
0
1.00015
0
1.00011
1.00119
1.00096
1.00062
1.00009
1.00023
0
1.00011
0
0
0
1.00011
1.00013
1.00097
1.00009
1.00078
1.00027
1.00056
0
0
0
0
0
0
1.00007
1.00171
1.00179
1.00053
1.00033
1.00032
0
0
0
0
1.00017
1.00062
1.00196
1.00313
1.0006
1.00037
1.00055
1.00046
0
0
1.00022
0
0
1.00057
1.00011
1.00094
1.00023
1.00106
1.00016
1.00025
0
1.00013
0
0
0
1.00004
0
1.00089
1.00021
1.00074
1.0001
1.00016
0
0
0
0
0
1.00054
1.0008
1.00113
1.00135
1.00028
1.00025
1.00029
0
0
0
0
1.00011
0
1.00063
1.00129
1.00052
1.00068
1.00037
1.0003
0
1.00006
0
0
0
0
1.00035
1.0011
1.00085
1.0003
1.00017
1.00017
0
0
0
0
0
1.0022
1.00094
1.00295
1.00032
1.00016
1.00012
1.00011
0
0
0
0
1.00005
1.00027
1.00056
1.00151
1.00012
1.00031
1.00013
1.00011
0
0
0
0
0
0
1.00172
1.00152
1.00081
1.00199
1.00045
1.00018
0
0
1.00017
0
0
1.0002
1.00124
1.00151
1.00031
1.00521
1.00028
1.0003
0
1.00019
0
0
0
1.00021
1.00062
1.00085
1.0002
1.00353
1.00019
1.00015
0
0
0
0
0
1.00231
1.00091
1.00136
1.00137
1.00252
1.00034
1.00025
0
0
0
1.00013
0
1.00023
1.00053
1.00044
1.00058
1.00412
1.00032
1.00012
0
1.00011
0
0
0
1.00012
1.00036
1.00046
1.00261
1.00305
1.00025
1.00016
0
1.00008
0
0
0
1.00015
1.00082
1.00034
1.00139
1.00276
1.00016
1.00022
0
1.00015
0
0
0
1.00017
1.00051
1.00109
1.00143
1.00217
1.00057
1.00009
0
1.00033
0
0
0
0
1.00151
1.00186
1.00082
1.00136
1.00037
1.00058
0
0
0
0
1.00019
1.0004
1.0003
1.00307
1.00114
1.00135
1.00015
1.00025
0
0
0
0
0
1.00017
1.0001
1.00122
1.0009
1.00065
1.00008
1.00026
0
1.0001
0
0
1.00017
0
1.00009
1.00097
1.00011
1.00077
1.00031
1.0005
0
0
0
0
1.00015
0
1.00008
1.0018
1.00179
1.00052
1.00041
1.00038
0
0
0
0
0
1.00049
1.00153
1.00284
1.00058
1.00032
1.00043
1.00045
0
1.00022
0
0
0
1.00065
1.00044
1.00101
1.00025
1.00109
1.00019
1.00025
0
1.00012
0
0
0
1.00004
0
1.00086
1.00124
1.00072
1.00009
1.00018
0
0
0
0
0
1.0005
1.00085
1.00098
1.00133
1.00025
1.00026
1.00056
0
0
0
0
1.0001
0
1.00064
1.00129
1.00046
1.00074
1.00029
1.00029
0
1.00008
0
0
0
1.0001
1.00035
1.00106
1.00031
1.00031
1.00006
1.00017
0
0
0
0
0
1.00135
1.0006
1.0032
1.00243
1.00148
1.00039
1.00031
0
0
0
0
1.0001
0
1.00023
1.00195
1.00066
1.00042
1.00018
1.00013
0
1.00011
0
0
1.00016
0
1.00019
1.00059
1.00135
1.00103
1.00009
1.00016
0
0
0
0
0
1.00012
1.00015
1.00148
1.00067
1.00036
1.00015
1.00024
0
1.00009
0
0
1.00017
0
1.00005
1.00147
1.00154
1.00066
1.00018
1.00018
0
0
0
0
0
1.00251
1.00134
1.00107
1.00102
1.00067
1.00022
1.00029
0
0
0
1.00004
0
1.00008
1.00009
1.00136
1.00169
1.00059
1.00022
1.0003
0
0
0
0
0
1.00005
1.00006
1.00092
1.0001
1.00084
1.00023
1.00015
0
0
0
0
0
1.00011
1.00072
1.00166
1.00122
1.00029
1.00009
1.00012
0
1.00012
0
0
0
1.00012
1.00048
1.001
1.0008
1.00041
1.00031
1.00015
0
1.00046
0
0
0
0
1.00409
1.00179
1.00093
1.00132
1.00027
1.00051
0
1.00021
0
0
1.00013
1.0004
1.00029
1.00301
1.00117
1.00134
1.00012
1.00024
0
0
0
0
0
1.00011
1.0001
1.00128
1.00083
1.00056
1.00014
1.00025
0
1.00012
0
0
0
1.0001
1.00007
1.00095
1.00007
1.00065
1.00037
1.00056
0
1.00019
0
0
1.00016
0
1.00007
1.00178
1.00185
1.00048
1.00036
1.00011
0
0
0
0
0
1.00035
1.00111
1.00256
1.00054
1.0003
1.0004
1.00041
0
1.0002
0
0
0
1.00071
1.00049
1.001
1.00027
1.0011
1.00021
1.00031
0
1.00013
0
0
0
0
1.00005
1.00094
1.00119
1.00076
1.00013
1.00021
0
1.00003
0
0
0
1.00053
1.00083
1.00096
1.00013
1.00024
1.00026
1.00057
0
0
0
0
1.00006
0
1.0006
1.00129
1.00042
1.00067
1.00031
1.00026
0
1.00007
0
0
1.00008
0
1.00036
1.00101
1.00028
1.00032
1.00007
1.00016
0
0
0
0
0
1.00271
1.00121
1.00293
1.00035
1.0002
1.00013
1.00014
0
0
0
0
0
1.00033
1.00052
1.00172
1.00011
1.00024
1.00015
1.00009
0
0
0
0
0
1.00053
1.0013
1.0015
1.00132
1.00131
1.00037
1.00037
0
0
1.00017
0
0
1.00012
1.00128
1.00149
1.00358
1.00576
1.0002
1.00036
0
0
0
0
0
1.00017
1.00062
1.00091
1.00043
1.00345
1.00016
1.00015
0
1.00016
0
0
0
1.00299
1.00091
1.00139
1.00118
1.00285
1.00032
1.00011
0
1.00009
0
0
0
1.0002
1.00053
1.00043
1.00023
1.00387
1.00032
1.0001
0
0
0
0
0
1.00019
1.00026
1.00044
1.00259
1.00302
1.00024
1.00013
0
1.0001
0
0
0
1.00009
1.00094
1.00036
1.00093
1.00294
1.00018
1.00031
0
1.00019
0
0
0
1.00018
1.00047
1.00018
1.0001
1.00193
1.00049
1.00022
0
0
0
0
0
0
1.00181
1.00321
1.00188
1.00083
1.00062
1.00047
0
1.00019
0
0
0
1.00039
1.00089
1.00051
1.00202
1.00201
1.00022
1.00006
0
0
0
0
0
1.00038
1.00104
1.00183
1.00046
1.00118
1.0001
1.00003
0
1.00011
0
0
1.00005
1.00033
1.00125
1.00129
1.00112
1.00316
1.00051
1.00019
0
0
0
0
1.00009
1.00037
1.00106
1.00126
1.0016
1.00144
1.00022
1.00011
0
0
0
0
0
1.00021
1.00127
1.0005
1.00058
1.00132
1.00051
1.00029
0
0
0
0
0
1.00113
1.001
1.00065
1.00195
1.00081
1.00012
1.00017
0
1.00006
0
0
1.00006
1.00031
1.00082
1.00067
1.00101
1.00295
1.00007
1.00007
0
0
0
0
1.00009
0
1.00079
1.00041
1.00107
1.00212
1.00049
1.00015
0
1.00008
0
0
0
1.00033
1.00121
1.00141
1.00063
1.00063
1.00011
1.00013
0
1.00008
0
0
1.00005
0
1.00158
1.00026
1.00039
1.00168
1.00007
1.00016
0
0
0
0
1.00132
1.00175
1.00075
1.00054
1.00187
1.00155
1.00027
1.00021
0
0
0
0
0
1.00032
1.00067
1.001
1.00186
1.00254
1.00012
1.0001
0
1.00013
0
0
0
0
1.00094
1.0025
1.00083
1.00158
1.00012
1.00003
0
0
0
0
1.00009
1.00035
1.00157
1.00146
1.00115
1.00168
1.00011
1.00005
0
1.00009
0
0
1.00006
1.0004
1.00132
1.00077
1.00016
1.00161
1.0001
1.00004
0
1.00032
0
0
0
1.00358
1.00141
1.00117
1.00037
1.00097
1.00078
1.0003
0
0
0
0
1.00012
1.00046
1.00078
1.00038
1.00221
1.00169
1.00013
1.00003
0
0
0
0
1.00002
1.00041
1.001
1.00266
1.00035
1.00209
1.00015
1.00005
0
0
0
0
1.0001
1.00037
1.00183
1.00116
1.00099
1.00336
1.00013
1.0002
0
1.00014
0
0
0
0
1.00095
1.00034
1.00127
1.00221
1.00031
1.0001
0
0
0
0
0
0
1.00156
1.00062
1.00197
1.00069
1.00064
1.00035
0
1.00018
0
0
0
1.00042
1.00086
1.00046
1.00209
1.00187
1.00023
1.0001
0
0
0
0
0
1.0001
1.00106
1.00169
1.0005
1.00176
1.0001
1.00004
0
1.00011
0
0
0
1.00032
1.00115
1.00133
1.00113
1.00296
1.00061
1.00018
0
0
0
0
0
1.00033
1.00105
1.00135
1.00162
1.00128
1.00021
1.00009
0
0
0
0
0
1.00017
1.00125
1.00035
1.00052
1.00134
1.00042
1.00024
0
0
0
0
0
1.00125
1.00101
1.00216
1.00196
1.00089
1.00021
1.00018
0
0
0
0
1.00009
1.00031
1.00079
1.00061
1.00112
1.00306
1.0001
1.00007
0
1.00013
0
0
1.00008
0
1.00083
1.00043
1.00114
1.00205
1.00032
1.00011
0
1.00007
0
0
0
1.00035
1.00121
1.0014
1.00068
1.00066
1.00012
1.00011
0
1.00012
0
0
1.0001
0
1.00148
1.0004
1.00035
1.00155
1.00013
1.00017
0
0
0
0
1.00132
1.00193
1.00069
1.00972
1.00158
1.00156
1.00123
1.00057
0
0
0
0
0
1.00032
1.00061
1.00198
1.00165
1.00228
1.00009
1.00008
0
0
0
0
1.00021
1.0002
1.00103
1.00239
1.00118
1.00125
1.00082
1.00029
0
0
1.00011
0
0
1.00025
1.0013
1.00111
1.00018
1.00516
1.00029
1.00017
0
0
0
0
0
1.00027
1.00048
1.00115
1.00116
1.00256
1.00011
1.0004
0
0
0
0
0
1.00297
1.00066
1.00157
1.0014
1.00243
1.00031
1.00012
0
1.00013
0
0
0
1.00025
1.00041
1.0006
1.00067
1.00306
1.00039
1.00015
0
1.00012
0
0
0
1.00006
1.00033
1.00275
1.00185
1.00242
1.00039
1.00021
0
1.00012
0
0
0
1.00017
1.0007
1.00077
1.00109
1.00207
1.0011
1.00022
0
0
0
0
0
0
1.00041
1.00033
1.00045
1.00176
1.00049
1.00028
0
0
0
0
0
0
1.01669
1.00122
1.00086
1.0014
1.00063
1.00087
0
0
0
0
0
0
1.00226
1.00344
1.00076
1.00177
1.0002
1.00022
0
1.00031
0
0
1.00017
0
1.00179
1.00202
1.01151
1.00047
1.00026
1.00012
0
0
0
0
0
0
1.00083
1.00043
1.00186
1.00061
1.0002
1.0004
0
0
1.00066
0
0
0
1.00072
1.00094
1.00034
1.00106
1.0007
1.00018
0
1.00017
0
0
0
1.00177
1.00747
1.00223
1.00027
1.00093
1.00029
1.00015
0
0
0
0
0
1.00148
1.00417
1.00286
1.00097
1.00017
1.00021
1.00032
0
1.00027
0
0
0
0
1.00206
1.00113
1.00069
1.00098
1.00029
1.00034
0
0
0
0
0
0
1.01538
1.00322
1.00154
1.00018
1.00033
1.0006
0
0
0
0
1.0003
0
1.0107
1.00205
1.00026
1.00033
1.00015
1.00017
0
1.00008
0
0
1.00036
0
1.00877
1.00104
1.0015
1.00027
1.00007
1.00012
0
0
0
0
1.00116
1.00796
1.00363
1.00148
1.00016
1.00064
1.0003
1.00019
0
0
0
0
0
1.00051
1.00387
1.00291
1.00015
1.00151
1.00015
1.0002
0
0
0
0
0
1.00041
1.00255
1.00239
1.00142
1.00127
1.00009
1.00021
0
0
0
0
0
1.00023
1.00095
1.00178
1.00078
1.0006
1.00013
1.0002
0
0
0
0
1.00019
0
1.00098
1.00268
1.00005
1.00074
1.00028
1.00014
0
0
0
0
0
0
1.00944
1.00117
1.00035
1.00121
1.00031
1.00023
0
0
0
0
0
1.00035
1.00187
1.0021
1.00015
1.0002
1.0003
1.00025
0
1.00026
0
0
0
1.00014
1.00064
1.00111
1.00058
1.00032
1.0002
1.00014
0
0
0
0
1.00039
0
1.01266
1.00174
1.00109
1.0004
1.0002
1.00013
0
0
0
0
1.00036
0
1.00862
1.00096
1.00171
1.00156
1.00045
1.00019
0
0
0
0
0
0
1.02197
1.00263
1.00142
1.00158
1.0003
1.00018
0
0
0
0
0
0
1.00299
1.00302
1.00151
1.00213
1.00015
1.00027
0
0
0
0
1.00031
0
1.00207
1.00268
1.00024
1.00049
1.0003
1.00008
0
0
0
0
1.00011
0
1.00116
1.00052
1.0025
1.00111
1.00038
1.00051
0
0
0
0
1.00035
0
1.00091
1.00178
1.00254
1.00062
1.00026
1.00027
0
1.00031
0
0
0
1.00081
1.00537
1.00273
1.00044
1.00079
1.00034
1.00024
0
0
0
0
0
1.00184
1.00457
1.00232
1.00135
1.00029
1.00022
1.00026
0
0
1.00015
0
0
0
1.00196
1.00118
1.00016
1.0017
1.00021
1.00012
0
0
0
0
0
0
1.01496
1.00294
1.0011
1.00041
1.00052
1.00044
0
0
0
0
0
1.00031
1.01048
1.00168
1.00012
1.00032
1.0001
1.00012
0
0
0
0
1.00035
0
1.00898
1.0016
1.0003
1.00058
1.00009
1.0001
0
0
0
0
0
1.00539
1.00417
1.00116
1.00011
1.00114
1.00013
1.00016
0
0
0
0
0
1.00161
1.00888
1.00141
1.00025
1.00088
1.00058
1.00011
0
0
0
0
0
0
1.00789
1.00241
1.00039
1.00069
1.0003
1.00027
0
0
0
0
0
1.00041
1.01161
1.00236
1.00315
1.00479
1.00041
1.00125
0
0
0
0
0
1.00036
1.01347
1.00207
1.0002
1.00361
1.0002
1.00066
0
0
0
0
0
0
1.04233
1.00141
1.00062
1.00269
1.00046
1.0001
0
0
0
0
0
0
1.00554
1.00151
1.00047
1.004
1.00037
1.00013
0
1.00018
0
0
0
1.00038
1.00437
1.00123
1.00012
1.0089
1.00037
1.00004
0
0
0
0
0
1.00022
1.00656
1.00104
1.00053
1.00396
1.00032
1.00034
0
0
0
0
0
1.00036
1.00327
1.00075
1.00222
1.00219
1.00038
1.00019
0
0
0
0
1.00141
0
1.03268
1.00978
1.00161
1.00297
1.00008
1.00033
0
0
0
0
0
0
1.00239
1.00327
1.00115
1.00154
1.0002
1.00013
0
0
0
0
1.00019
0
1.00208
1.00207
1.00018
1.00156
1.00031
1.00021
0
0
0
0
0
0
1.00127
1.0005
1.00024
1.00128
1.00047
1.00054
0
1.00027
0
0
1.00022
0
1.00091
1.00117
1.00011
1.00075
1.00019
1.00026
0
0
0
0
0
1.00062
1.00382
1.00238
1.00114
1.00062
1.00033
1.00017
0
0
0
0
0
1.00186
1.00462
1.00253
1.00095
1.00046
1.00026
1.00029
0
0
1.00013
0
0
0
1.00183
1.00145
1.00018
1.00197
1.00021
1.00023
0
0
0
0
0
0
1.01462
1.00314
1.00059
1.00039
1.00043
1.00046
0
0
0
0
1.00026
0
1.01096
1.00223
1.00016
1.0006
1.00012
1.00014
0
1.00003
0
0
0
1.00043
1.00927
1.00116
1.00114
1.00055
1.00012
1.00008
0
0
0
0
1.00128
1.0098
1.01865
1.00194
1.00015
1.00072
1.00024
1.0003
0
0
0
0
0
0
1.00372
1.00339
1.00134
1.00117
1.00014
1.00007
0
0
0
0
1.00024
0
1.00257
1.00087
1.00212
1.00134
1.00008
1.00018
0
0
0
0
0
1.00022
1.00097
1.00043
1.00116
1.00052
1.00006
1.00025
0
0
0
0
1.00018
0
1.00096
1.00204
1.0019
1.00042
1.00036
1.00016
0
0
0
0
0
0
1.01162
1.0009
1.00068
1.00115
1.00043
1.0002
0
0
0
0
0
1.00039
1.00166
1.00238
1.00237
1.00029
1.00036
1.00035
0
1.00032
0
0
0
0
1.0007
1.00014
1.00016
1.00015
1.00005
1.00015
0
0
0
0
1.00036
0
1.01299
1.0027
1.00143
1.00043
1.00017
1.00016
0
0
0
0
1.00029
0
1.00858
1.00166
1.001
1.00047
1.00045
1.00019
0
0
0
0
0
1.00385
1.00781
1.002
1.00105
1.0002
1.00017
1.00021
0
1.00064
0
0
0
1.0021
1.00328
1.00229
1.0017
1.00132
1.00018
1.00016
0
0
0
0
1.00025
0
1.0019
1.00265
1.00024
1.00168
1.00019
1.00036
0
0
0
0
0
0
1.00143
1.00094
1.00174
1.00115
1.0003
1.0007
0
0
0
0
1.00026
0
1.00097
1.00217
1.00009
1.00083
1.00018
1.00019
0
1.00017
0
0
0
1.00042
1.00129
1.00203
1.00186
1.00054
1.0002
1.00024
0
0
0
0
0
1.00231
1.00423
1.00134
1.00053
1.00025
1.00024
1.00015
0
0
0
0
0
1.00011
1.00266
1.0011
1.00013
1.00199
1.00014
1.0002
0
0
0
0
0
0
1.01357
1.00266
1.0007
1.00037
1.00025
1.00023
0
0
0
0
1.00025
0
1.01073
1.001
1.00078
1.00055
1.00017
1.00016
0
0
0
0
0
1.00033
1.00921
1.00195
1.00102
1.00055
1.00022
1.00012
0
0
0
0
0
1.00741
1.00351
1.00312
1.00028
1.00025
1.00025
1.00014
0
0
0
0
0
1.00169
1.00918
1.0026
1.00014
1.00023
1.00023
1.00021
0
0
0
0
0
0
1.00855
1.00251
1.00044
1.00112
1.00067
1.00021
0
0
0
0
0
1.00042
1.0113
1.00248
1.00302
1.00468
1.00047
1.00133
0
0
0
0
0
1.00053
1.01336
1.00211
1.00012
1.00365
1.00041
1.00067
0
0
1.00021
0
0
0
1.04002
1.00145
1.00279
1.00213
1.00071
1.00017
0
0
0
0
0
0
1.00557
1.00145
1.00026
1.00391
1.00033
1.00011
0
1.00026
0
0
0
1.00033
1.00463
1.00116
1.00361
1.00883
1.00041
1.0001
0
0
0
0
0
1.00023
1.00648
1.00104
1.00063
1.00452
1.0003
1.00033
0
1.00007
0
0
0
1.00037
1.00353
1.00074
1.00294
1.00177
1.00029
1.0002
0
0
0
0
1.0008
0
1.02422
1.00883
1.00184
1.00253
1.00031
1.00022
0
0
0
0
0
1.00182
1.00247
1.00319
1.00006
1.00095
1.00024
1.00015
0
0
0
0
1.00026
0
1.00211
1.0031
1.00023
1.00146
1.00019
1.00032
0
0
0
0
1.00011
0
1.00153
1.00032
1.00172
1.00104
1.0004
1.00066
0
0
0
0
1.00031
0
1.00095
1.00086
1.0015
1.00102
1.00016
1.00022
0
0
0
0
1.0003
0
1.00091
1.00187
1.00014
1.00157
1.00016
1.00025
0
0
0
0
0
1.00234
1.004
1.00214
1.00138
1.00027
1.00019
1.00023
0
1.00024
0
0
0
0
1.00238
1.00161
1.00246
1.00044
1.00014
1.00025
0
0
0
0
0
0
1.01263
1.0028
1.00115
1.00024
1.00027
1.00029
0
0
0
0
1.00036
0
1.01113
1.00218
1.0015
1.00039
1.00012
1.00007
0
0
0
0
1.0004
0
1.00953
1.00144
1.00174
1.00026
1.00012
1.00008
0
0
0
0
0
1.01341
1.02744
1.00123
1.00012
1.00116
1.00033
1.00021
0
0
0
0
0
0
1.00332
1.00362
1.00127
1.00039
1.0004
1.00025
0
0
0
0
1.00026
0
1.00264
1.001
1.00211
1.00153
1.00018
1.00009
0
0
0
0
0
1.0003
1.00111
1.00023
1.00118
1.00073
1.00016
1.00038
0
1.00005
0
0
0
0
1.00078
1.00187
1.0001
1.00023
1.00052
1.00014
0
0
0
1.00113
0
0
1.04715
1.00111
1.00086
1.00081
1.00062
1.00028
0
1.00021
0
0
0
1.00039
1.00154
1.00217
1.00016
1.0003
1.00038
1.00022
0
1.0003
0
0
0
0
1.00281
1.00092
1.0012
1.00126
1.0002
1.00015
0
0
0
0
1.00041
0
1.0131
1.00279
1.00132
1.00049
1.00013
1.00013
0
0
0
0
1.00032
0
1.00848
1.00173
1.00128
1.00044
1.0004
1.00022
0
0
0
0
0
1.00174
1.00602
1.00093
1.00156
1.00041
1.00065
1.00033
0
1.00054
0
0
0
1.0023
1.00375
1.00307
1.00027
1.00104
1.00019
1.00008
0
0
0
0
1.00026
0
1.00206
1.00331
1.00029
1.00142
1.00023
1.00019
0
0
0
0
0
0
1.00182
1.00038
1.00023
1.00097
1.00042
1.00055
0
0
0
0
1.00028
0
1.00092
1.00082
1.00138
1.00042
1.00021
1.00021
0
0
0
0
1.00032
0
1.0015
1.00193
1.00014
1.00147
1.00014
1.00032
0
0
0
0
0
1.00258
1.00342
1.00212
1.00022
1.00024
1.00011
1.00028
0
1.00026
0
0
0
0
1.00265
1.00184
1.0026
1.00048
1.00013
1.0003
0
0
0
0
0
0
1.01154
1.00264
1.00115
1.00019
1.00026
1.00027
0
0
0
0
1.00031
0
1.0112
1.00217
1.00161
1.00037
1.00011
1.00007
0
0
0
0
1.00038
0
1.0097
1.00156
1.00164
1.00037
1.00018
1.0001
0
0
0
0
0
0
1.00311
1.00289
1.00038
1.00061
1.00006
1.00029
0
0
0
0
0
1.0017
1.0096
1.00389
1.00011
1.00089
1.00048
1.00021
0
0
0
0
0
1.00133
1.00827
1.00231
1.00029
1.00142
1.00041
1.00016
0
0
0
0
0
0
1.01175
1.00205
1.00261
1.00471
1.00039
1.0009
0
0
0
0
0
1.00052
1.01345
1.00153
1.00162
1.00377
1.00047
1.00024
0
0
0
0
0
0
1.03431
1.00177
1.00106
1.00238
1.00104
1.00038
0
0
0
0
0
0
1.00589
1.00126
1.00015
1.00396
1.00026
1.00009
0
0
0
0
0
1.00042
1.00471
1.00114
1.00084
1.00805
1.00028
1.00011
0
0
0
0
0
1.00026
1.00637
1.00109
1.00082
1.00513
1.00048
1.00041
0
0
0
0
0
1.00044
1.00342
1.00082
1.00408
1.00152
1.00037
1.00031
0
0
0
1.00032
0
0
1.0153
1.0034
1.00082
1.00236
1.00088
1.00039
0
0
0
0
0
1.00381
1.00663
1.00028
1.00131
1.00191
1.00014
1.00017
0
0
0
0
0
0
1.0102
1.00174
1.00113
1.00315
1.00014
1.00013
0
0
0
0
1.0001
0
1.01139
1.00074
1.00162
1.00281
1.00046
1.00007
0
0
0
0
0
1.00362
1.01101
1.00074
1.00033
1.00361
1.00014
1.00005
0
0
0
0
0
0
1.0096
1.00122
1.00331
1.00461
1.00018
1.00021
0
0
0
0
0
0
1.02697
1.00082
1.00132
1.00112
1.00011
1.00025
0
0
0
0
0
1.00359
1.00954
1.00119
1.0006
1.00278
1.00012
1.0001
0
0
0
0
0
0
1.01047
1.00107
1.0004
1.00431
1.00021
1.00008
0
0
0
0
0
0
1.00972
1.00246
1.00125
1.00361
1.00015
1.00007
0
0
0
0
1.00009
1.00373
1.00841
1.00223
1.00072
1.00294
1.00022
1.00018
0
0
0
0
0
1.00376
1.04706
1.00138
1.00163
1.00074
1.00057
1.00013
0
0
0
0
0
1.00338
1.0088
1.00047
1.0021
1.00179
1.00006
1.00009
0
0
0
0
0
1.00392
1.01009
1.00328
1.00069
1.00518
1.00015
1.00004
0
0
0
0
1.00015
0
1.01021
1.00184
1.00113
1.0034
1.00015
1.00024
0
0
0
0
1.00013
1.00378
1.00916
1.00262
1.00135
1.00271
1.00038
1.0001
0
0
0
0
1.00112
0
1.00905
1.00439
1.00242
1.00088
1.00059
1.00048
0
0
0
0
0
1.00441
1.00765
1.00089
1.00177
1.00312
1.00013
1.00029
0
0
0
0
0
0
1.00932
1.00064
1.00071
1.00364
1.00009
1.00005
0
0
0
0
0
1.00325
1.01041
1.00125
1.00128
1.00374
1.00032
1.00015
0
0
0
0
0
1.00383
1.0092
1.0027
1.00156
1.00398
1.00026
1.00009
0
1.00016
0
0
0
0
1.00711
1.00044
1.00165
1.00173
1.00082
1.00022
0
0
0
0
0
1.0044
1.00523
1.00078
1.00068
1.00149
1.00014
1.00005
0
0
0
0
0
0
1.00981
1.0006
1.00179
1.00311
1.00012
1.00005
0
0
0
0
1.00007
0
1.01079
1.00136
1.00209
1.00195
1.00035
1.00015
0
0
0
0
0
1.00357
1.00996
1.00196
1.00061
1.00361
1.00013
1.00016
0
0
0
0
1.00018
0
1.00828
1.00159
1.00295
1.00492
1.00022
1.00017
0
0
0
0
0
0
1.03169
1.0008
1.00072
1.00022
1.00005
1.00014
0
0
0
0
0
1.00341
1.00964
1.00443
1.00205
1.00153
1.0001
1.00008
0
1.00017
0
0
0
0
1.01056
1.0019
1.00118
1.00319
1.00023
1.00009
0
0
0
0
0
0
1.01039
1.00215
1.00128
1.002
1.00012
1.00011
0
0
1.00013
0
0
1.00352
1.00849
1.00204
1.00072
1.00173
1.00027
1.00025
0
0
0
0
0
0
1.04147
1.00278
1.00218
1.0046
1.0007
1.00086
0
1.00034
0
0
0
1.00287
1.00775
1.00156
1.00137
1.00373
1.00031
1.00014
0
1.00024
0
0
1.00009
1.00334
1.00917
1.00323
1.00055
1.00366
1.00036
1.00003
0
0
0
0
0
1.00046
1.01028
1.00339
1.00338
1.00113
1.00016
1.0007
0
0
0
0
0
1.00029
1.01291
1.00201
1.00092
1.00121
1.00024
1.00061
0
0
0
0
0
0
1.02675
1.00304
1.00255
1.00156
1.00118
1.00044
0
0
0
0
0
1.00129
1.00508
1.00137
1.00032
1.00251
1.00037
1.00008
0
0
0
0
0
1.0003
1.00355
1.00065
1.00021
1.00291
1.00033
1.00013
0
0
0
0
0
1.00036
1.00452
1.00069
1.00095
1.00406
1.00045
1.00034
0
1.00027
0
0
0
1.00032
1.00345
1.00055
1.00066
1.0029
1.00029
1.00034
0
0
1.00436
0
0
1.00412
1.01005
1.00109
1.00246
1.00197
1.00056
1.00137
0
0
0
0
0
1.04069
1.00273
1.00115
1.00079
1.00066
1.00007
1.00012
0
1.01506
0
0
0
1.01714
1.00159
1.0021
1.00466
1.00109
1.00017
1.00044
0
1.01569
0
0
0
0
1.00145
1.00081
1.00968
1.00069
1.0009
1.00135
0
0
0
0
1.00082
0
1.00084
1.00135
1.00027
1.00104
1.0006
1.00039
0
0
0
0
1.00034
0
1.00074
1.00195
1.00181
1.00058
1.00019
1.00044
0
0
0
0
0
1.04848
1.00457
1.00152
1.00053
1.00054
1.00072
1.00057
0
0
0
0
1.02419
0
1.00161
1.00091
1.00024
1.00019
1.00024
1.00027
0
0
0
1.02424
0
0
1.00552
1.00208
1.00027
1.00018
1.00049
1.00049
0
1.00207
0
0
0
1.00163
1.01119
1.00227
1.00024
1.00049
1.00043
1.00005
0
0
0
0
1.00049
0
1.00999
1.00181
1.001
1.00031
1.00042
1.00037
0
1.01539
0
0
0
1.04016
1.01064
1.00288
1.00092
1.00074
1.00024
1.00009
0
0
0
0
1.02758
0
1.00213
1.00183
1.00052
1.00028
1.00013
1.00015
0
1.02291
0
0
0
1.01163
1.00181
1.00159
1.00009
1.00073
1.00016
1.00013
0
0
1.00647
0
0
0
1.0008
1.00142
1.00112
1.00076
1.00046
1.00049
0
0
0
0
0
1.00032
1.00372
1.00151
1.00248
1.00028
1.00039
1.00055
0
0
0
1.01401
0
1.02778
1.01211
1.0036
1.00173
1.00136
1.00127
1.00142
0
0
0
0
1.03611
0
1.00199
1.00086
1.0007
1.00082
1.0002
1.00026
0
0
0
0
1.02247
0
1.00136
1.00053
1.00073
1.00019
1.00025
1.00008
0
0
1.01051
0
0
0
1.01168
1.00267
1.00105
1.00036
1.00075
1.00065
0
0
0
0
0
1.00062
1.00884
1.00204
1.00113
1.00065
1.00059
1.00088
0
0
1.00279
0
0
1.00268
1.00789
1.00075
1.00063
1.0005
1.0004
1.00023
0
0
0
0
1.04384
0
1.00113
1.00146
1.00079
1.0004
1.00006
1.00008
0
0
1.01601
0
0
1.02039
1.00212
1.00212
1.00032
1.00017
1.00011
1.00024
0
1.01545
0
0
0
1.00598
1.00172
1.00141
1.00022
1.00063
1.00072
1.00164
0
0
0
0
1.00141
0
1.00097
1.00049
1.00147
1.00044
1.00025
1.00039
0
1.0004
0
0
1.00012
0
1.00095
1.00206
1.0011
1.00048
1.0002
1.00019
0
0
0
0
0
1.05535
1.00725
1.00113
1.00068
1.00058
1.00052
1.00058
0
0
0
0
1.02504
0
1.0013
1.00117
1.00074
1.00026
1.00019
1.00026
0
0
0
1.02478
0
0
1.00427
1.00158
1.00026
1.00058
1.00027
1.00024
0
1.00411
0
0
0
1.00168
1.01081
1.00122
1.00041
1.00097
1.00062
1.00024
0
0
0
0
1.00041
0
1.00967
1.0018
1.00157
1.00056
1.00036
1.00042
0
0
0
0
0
1.05312
1.01014
1.00116
1.00071
1.00066
1.00015
1.00026
0
0
0
0
0
1.02728
1.005
1.00171
1.00005
1.00013
1.00026
1.00018
0
1.02233
0
0
0
1.01144
1.00542
1.00064
1.00005
1.0011
1.00008
1.00016
0
0
1.00497
0
0
0
1.00972
1.00353
1.00024
1.00072
1.00052
1.00085
0
0
0
0
0
1.0006
1.01249
1.00223
1.00254
1.00151
1.00046
1.00058
0
0
0
1.01383
0
0
1.02897
1.0016
1.00442
1.00145
1.00097
1.00047
0
0
0
0
1.03569
0
1.0032
1.00049
1.00131
1.00135
1.0003
1.00006
0
0
0
0
1.02155
0
1.00279
1.00052
1.00013
1.00208
1.00024
1.00006
0
0
1.00876
0
0
0
1.0044
1.00061
1.00119
1.00468
1.00073
1.00061
0
0
0
0
1.00056
0
1.00376
1.0005
1.00014
1.00307
1.00016
1.00054
0
1.00203
0
0
0
1.00206
1.00168
1.00099
1.00049
1.00137
1.00033
1.00021
0
0
0
0
1.04491
0
1.00085
1.00139
1.00008
1.00033
1.00016
1.00009
0
0
0
1.01571
1.02081
0
1.00225
1.00205
1.00019
1.00071
1.00008
1.00021
0
0
1.01989
0
0
1.00512
1.00171
1.00159
1.00031
1.00087
1.00057
1.00081
0
0
0
0
1.00173
0
1.00102
1.00197
1.00113
1.0004
1.00046
1.00029
0
1.00032
0
0
1.00014
0
1.00086
1.0021
1.00139
1.00164
1.00028
1.00016
0
0
0
0
0
1.04809
1.00613
1.00103
1.00022
1.00078
1.00059
1.00046
0
0
0
0
1.0242
0
1.00156
1.00124
1.00053
1.00022
1.00013
1.0002
0
0
0
1.02546
0
0
1.00364
1.00171
1.00019
1.00021
1.00035
1.00034
0
1.00361
0
0
0
0
1.011
1.00108
1.0001
1.00027
1.00059
1.0001
0
0
0
0
0
1.00054
1.00968
1.00171
1.00162
1.00067
1.00038
1.00039
0
1.01433
0
0
0
0
1.04865
1.00354
1.00124
1.0006
1.00029
1.00026
0
0
0
0
1.03043
0
1.00138
1.00172
1.00073
1.00032
1.00012
1.00014
0
0
1.0231
0
0
1.01318
1.00192
1.0017
1.0001
1.0008
1.00026
1.00014
0
1.00533
0
0
0
1.00318
1.00051
1.00089
1.00014
1.00098
1.00086
1.00032
0
0
0
0
1.00037
0
1.00104
1.0013
1.00125
1.00035
1.00036
1.00081
0
0
0
0
1.01194
0
1.04024
1.00673
1.00092
1.00065
1.00083
1.0008
0
0
0
0
0
1.03685
1.00145
1.00108
1.00009
1.00028
1.0002
1.00006
0
0
0
0
1.0182
0
1.00129
1.00042
1.00101
1.00019
1.00027
1.00017
0
0
1.01372
0
0
0
1.01186
1.00312
1.00117
1.00012
1.00046
1.00091
0
0
0
0
0
1.00075
1.00928
1.00206
1.00019
1.00076
1.00061
1.00051
0
0
1.00131
0
0
1.00122
1.0068
1.00075
1.00126
1.00016
1.00026
1.00019
0
0
0
0
1.04674
0
1.00133
1.00061
1.00003
1.00039
1.0001
1.00007
0
0
0
0
1.02168
0
1.00211
1.00161
1.00069
1.00028
1.00013
1.00023
0
0
1.01927
0
0
1.00589
1.00191
1.00087
1.00036
1.00071
1.00062
1.00122
0
0
0
1.00142
1.0014
0
1.00098
1.0017
1.00125
1.00049
1.00024
1.0002
0
1.00046
0
0
1.00017
0
1.0009
1.00113
1.0013
1.00033
1.00019
1.00013
0
0
0
0
0
1.04759
1.00737
1.0018
1.00041
1.00063
1.00052
1.00056
0
0
0
0
1.02462
0
1.00152
1.00075
1.00126
1.00014
1.00021
1.00027
0
0
0
1.02467
0
0
1.00331
1.00027
1.00024
1.00055
1.00028
1.00018
0
1.00312
0
0
0
0
1.01182
1.00183
1.0018
1.001
1.00016
1.00017
0
0
0
0
0
1.00039
1.00991
1.00152
1.00115
1.00051
1.00041
1.00031
0
1.01512
0
0
0
0
1.05311
1.00385
1.00098
1.00055
1.00024
1.00038
0
0
0
0
1.03031
0
1.00565
1.00108
1.0003
1.00014
1.00021
1.00014
0
1.02156
0
0
0
1.01201
1.00564
1.00021
1.00026
1.00114
1.00016
1.00024
0
0
1.00624
0
1.0024
0
1.01147
1.0027
1.0025
1.003
1.00044
1.0007
0
0
0
0
0
1.00049
1.01212
1.00263
1.00118
1.00343
1.00023
1.00096
0
0
0
1.01232
0
1.0127
1.02658
1.00403
1.00168
1.00272
1.00076
1.00128
0
0
0
0
0
1.03671
1.00336
1.0005
1.00085
1.00188
1.0002
1.00005
0
0
0
0
1.01842
0
1.00274
1.00074
1.00012
1.00363
1.00015
1.0002
0
0
1.01304
0
0
0
1.00394
1.00072
1.00037
1.00527
1.00079
1.00078
0
0
0
0
1.0007
0
1.00366
1.00058
1.00211
1.00058
1.00035
1.0004
0
1.00093
0
0
0
1.001
1.00275
1.00078
1.0022
1.00106
1.0004
1.00014
0
0
0
0
1.04732
0
1.00133
1.00141
1.00005
1.00077
1.00006
1.00008
0
0
0
0
1.02332
0
1.00256
1.00209
1.00045
1.00043
1.00013
1.0003
0
0
1.01789
0
0
1.00763
1.00176
1.00195
1.00155
1.00086
1.00055
1.00045
0
0
0
0
0
1.00157
1.00094
1.00207
1.00007
1.00053
1.00024
1.00031
0
0
0
0
1.00009
0
1.00094
1.00211
1.00014
1.00033
1.00019
1.00019
0
0
0
0
0
1.04239
1.00475
1.00186
1.00012
1.00044
1.00048
1.00091
0
1.00948
0
0
0
1.02411
1.00198
1.0007
1.0001
1.00021
1.00018
1.00016
0
0
1.02496
0
0
0
1.00254
1.00096
1.00029
1.00025
1.00017
1.00014
0
0
1.00509
0
0
0
1.01179
1.00225
1.00176
1.0003
1.00073
1.0002
0
0
0
0
1.00039
0
1.00962
1.00156
1.00128
1.00102
1.0004
1.00024
0
1.01507
0
0
0
1.01833
1.0563
1.0027
1.00153
1.00096
1.00035
1.00042
0
0
0
0
1.0326
0
1.00159
1.00156
1.00086
1.00097
1.00011
1.00008
0
0
0
1.02315
0
0
1.002
1.00163
1.00094
1.00024
1.00034
1.00018
0
0
1.00701
0
0
1.0034
1.00078
1.00166
1.00173
1.00118
1.00087
1.00108
0
0
0
0
1.00041
0
1.00395
1.00161
1.00249
1.00069
1.0006
1.00016
0
0
0
1.00998
0
0
1.01299
1.00289
1.00214
1.00093
1.0006
1.00036
0
0
0
0
0
1.03798
1.00152
1.00126
1.00012
1.0002
1.00023
1.00013
0
0
0
1.01648
1.01799
0
1.00088
1.00057
1.0004
1.0002
1.00014
1.0001
0
0
1.01213
0
0
0
1.01212
1.00202
1.00095
1.00032
1.00051
1.00101
0
0
0
0
0
1.00091
1.00948
1.00167
1.00109
1.00038
1.00029
1.00053
0
1.00057
0
0
0
1.00044
1.00763
1.00163
1.00033
1.00035
1.00022
1.00036
0
0
0
0
0
1.04763
1.00213
1.00057
1.001
1.00022
1.00018
1.00006
0
0
0
0
1.02553
0
1.00217
1.00099
1.00057
1.00077
1.00014
1.00022
0
0
1.02269
0
0
0
1.00153
1.00095
1.00021
1.00042
1.00053
1.00077
0
1.00214
0
0
0
1.00154
1.00079
1.00181
1.00067
1.00031
1.00028
1.00038
0
0
0
0
0
0
1.00091
1.00144
1.00226
1.00102
1.00041
1.00017
0
0
0
0
0
1.04538
1.0053
1.00195
1.00033
1.00071
1.00076
1.00051
0
1.01003
0
0
0
1.0255
1.00095
1.00095
1.00027
1.00048
1.00021
1.0002
0
0
1.02431
0
0
0
1.00122
1.00018
1.00062
1.00025
1.00012
1.00011
0
0
1.00498
0
0
0
1.01096
1.00265
1.00029
1.00027
1.00065
1.00029
0
0
0
0
1.0004
0
1.00881
1.00167
1.0004
1.00147
1.00038
1.00035
0
1.01646
0
0
0
1.03363
1.03406
1.00318
1.00213
1.00033
1.00071
1.00038
0
0
0
0
1.03395
0
1.00332
1.00114
1.00004
1.00029
1.00019
1.00008
0
0
0
1.02181
0
0
1.00666
1.00055
1.00005
1.00048
1.0002
1.00027
0
0
1.00477
0
0
1.00278
1.01352
1.00271
1.00173
1.00352
1.00066
1.00105
0
0
0
0
0
1.00049
1.01182
1.00207
1.00067
1.00282
1.00047
1.00033
0
0
0
0
1.00741
1.00587
1.02041
1.0028
1.00152
1.00179
1.00078
1.00066
0
0
0
0
0
1.03861
1.00297
1.00058
1.00026
1.00238
1.00044
1.0001
0
1.01524
0
0
0
1.01761
1.00223
1.0005
1.00057
1.00445
1.0002
1.00013
0
0
1.01662
0
0
0
1.00335
1.00058
1.00027
1.00444
1.00054
1.00062
0
0
0
0
1.00099
0
1.00369
1.00054
1.00459
1.00121
1.00025
1.00033
0
1.00033
0
0
0
1.00037
1.00295
1.00055
1.00369
1.00206
1.00037
1.0003
0
0
0
0
0
1.00298
1.00114
1.00035
1.00124
1.00111
1.00016
1.00023
0
0
0
0
0
1.00156
1.00071
1.00048
1.00155
1.00329
1.00005
1.00007
0
0
0
0
1.00009
0
1.00092
1.0004
1.00103
1.00171
1.00013
1.00005
0
1.00005
0
0
0
1.00032
1.00139
1.00137
1.00233
1.00123
1.0001
1.00008
0
0
0
0
0
0
1.00147
1.00063
1.00018
1.0015
1.00009
1.00014
0
1.00049
0
0
0
1.00242
1.00041
1.0032
1.00144
1.00126
1.0007
1.00019
0
0
0
0
0
1.00199
1.00086
1.00118
1.00207
1.00164
1.00013
1.00011
0
0
0
0
0
0
1.00092
1.00274
1.00058
1.00188
1.00018
1.00006
0
0
0
0
1.00009
1.00034
1.00176
1.00125
1.00112
1.00253
1.00009
1.00008
0
1.0001
0
0
1.0001
1.00038
1.00099
1.00103
1.00028
1.00196
1.00035
1.00015
0
0
0
1.00071
0
1.0033
1.00439
1.00484
1.00146
1.00037
1.00077
1.00042
0
1.00021
0
0
0
1.00244
1.00066
1.00053
1.00223
1.00247
1.00017
1.00005
0
0
0
0
0
1.00052
1.00104
1.0003
1.00039
1.00194
1.00008
1.00005
0
0
0
0
1.00012
1.00035
1.00153
1.00124
1.00098
1.0035
1.00033
1.00015
0
0
0
0
0
1.00005
1.00105
1.0012
1.00042
1.00192
1.00046
1.00015
0
0
0
0
0
1.00057
1.0012
1.00079
1.00049
1.00101
1.00063
1.00038
0
0
0
0
0
1.00293
1.00095
1.00058
1.00209
1.00097
1.00012
1.00009
0
0
0
0
0
1.00052
1.00092
1.00084
1.00079
1.0024
1.00008
1.00007
0
0
0
0
1.00007
0
1.00088
1.00058
1.00121
1.00243
1.00059
1.0002
0
1.00011
0
0
0
1.00031
1.00114
1.00133
1.00055
1.0006
1.00012
1.00011
0
0
0
0
1.00006
0
1.0014
1.0002
1.00049
1.00171
1.00012
1.00009
0
0
0
0
1.00124
0
1.00087
1.0006
1.00183
1.00139
1.00021
1.00024
0
0
0
0
0
1.00169
1.00075
1.00083
1.00165
1.00315
1.00006
1.00008
0
0
0
0
0
0
1.00093
1.00041
1.00091
1.00161
1.0001
1.00007
0
0
0
0
1.00012
1.00035
1.00144
1.00143
1.0023
1.00137
1.00014
1.00007
0
0
0
0
1.00006
0
1.00147
1.00075
1.00023
1.00153
1.00015
1.00017
0
1.00047
0
0
0
0
1.00194
1.00021
1.00131
1.00116
1.00063
1.00019
0
0
0
0
0
1.00199
1.00086
1.00105
1.00209
1.00179
1.00014
1.00008
0
0
0
0
0
0
1.00099
1.00279
1.00051
1.0019
1.00003
1.00003
0
0
0
1.00005
0
1.00033
1.00183
1.00124
1.0011
1.00267
1.00008
1.00014
0
1.0001
0
0
0
1.00036
1.00098
1.00101
1.00033
1.00211
1.00038
1.00012
0
0
0
1.00062
0
1.00298
1.00416
1.00483
1.002
1.00058
1.00078
1.00038
0
1.00024
0
0
0
1.00242
1.00063
1.00053
1.0021
1.00233
1.00016
1.00027
0
1.00011
0
0
0
1.0005
1.00109
1.00219
1.00037
1.00187
1.00011
1.00007
0
0
0
0
0
1.00018
1.00177
1.00178
1.00323
1.00337
1.00038
1.00051
0
0
0
0
0
1.00028
1.00093
1.00126
1.00204
1.00254
1.00024
1.00062
0
1.00024
0
0
0
0
1.00108
1.00065
1.00049
1.00253
1.00101
1.00063
0
0
0
0
0
1.00217
1.00054
1.002
1.0008
1.00131
1.00024
1.00011
0
1.00021
0
0
0
1.00079
1.00074
1.00043
1.00168
1.00453
1.00023
1.00021
0
1.0002
0
0
0
1.00016
1.0005
1.00023
1.00019
1.00179
1.00025
1.00032
0
0
0
0
0
1.00022
1.00055
1.00017
1.0032
1.00112
1.00022
1.00038
0
1.00021
0
0
0
1.00016
1.00053
1.00006
1.00015
1.00292
1.00025
1.00008
0
0
0
0
0
1.0523
1.00201
1.00099
1.00133
1.00047
1.00013
1.00013
0
0
0
0
1.02493
0
1.00296
1.00119
1.00012
1.00064
1.00019
1.00026
0
0
1.02201
0
0
0
1.00177
1.00021
1.0008
1.00073
1.00016
1.00034
0
1.0017
0
0
0
1.00178
1.00105
1.0018
1.00046
1.00039
1.00022
1.00027
0
1.00037
0
0
0
0
1.00088
1.00206
1.00186
1.00112
1.00037
1.00018
0
0
0
0
0
1.04985
1.00395
1.00213
1.00068
1.00044
1.00039
1.00073
0
1.00994
0
0
0
1.02734
1.0012
1.0012
1.00033
1.00022
1.00019
1.00024
0
1.02306
0
0
0
1.01104
1.00127
1.00078
1.00053
1.0002
1.00013
1.00008
0
0
0
1.00666
0
0
1.01217
1.00296
1.0001
1.00031
1.00018
1.00018
0
0
0
0
0
1.00042
1.00913
1.00177
1.00032
1.00134
1.00029
1.00043
0
0
0
1.01623
0
0
1.04073
1.00466
1.00347
1.00168
1.00085
1.00071
0
0
0
0
1.03592
0
1.00121
1.00111
1.00027
1.0008
1.00015
1.00008
0
0
0
0
1.02228
0
1.00202
1.00242
1.00011
1.00018
1.00013
1.00014
0
0
1.00965
0
0
0
1.00184
1.00563
1.0004
1.00008
1.00287
1.00024
0
0
0
0
0
1.00054
1.00064
1.00445
1.00108
1.00044
1.0008
1.00031
0
0
0
1.0037
0
0
1.00562
1.00471
1.00099
1.00048
1.00268
1.00023
0
0
0
0
0
1.0429
1.00354
1.00174
1.00045
1.00044
1.00021
1.00018
0
1.01469
0
0
0
1.01742
1.00091
1.00041
1.00103
1.0001
1.00024
1.00018
0
0
1.01473
0
0
0
1.01176
1.00682
1.00031
1.00028
1.00045
1.00058
0
0
0
0
1.00098
0
1.00837
1.00135
1.00039
1.00031
1.00021
1.00014
0
1.00043
0
0
0
1.00021
1.00638
1.00376
1.00219
1.00051
1.00019
1.00013
0
0
0
0
0
1.04629
1.00268
1.00111
1.00115
1.00073
1.00012
1.00013
0
0
0
0
1.02544
0
1.00251
1.00163
1.00057
1.00008
1.00021
1.00026
0
0
0
1.02321
0
0
1.00199
1.00217
1.00014
1.00105
1.00032
1.00043
0
0
1.0025
0
1.00176
0
1.00053
1.0043
1.00138
1.00218
1.00038
1.00055
0
1.00071
0
0
1.00044
0
1.00206
1.00276
1.00324
1.00033
1.00092
1.0001
0
0
0
0
0
1.0472
1.02211
1.00098
1.00069
1.00051
1.00045
1.00045
0
0
1.0094
0
0
1.02772
1.00122
1.00122
1.00022
1.00015
1.00018
1.00019
0
1.01989
0
0
0
1.00976
1.00097
1.00091
1.00564
1.00082
1.0001
1.00009
0
0
1.00482
0
0
0
1.01021
1.00125
1.00201
1.00029
1.00069
1.00075
0
0
0
0
0
1.00051
1.00684
1.00105
1.00133
1.00041
1.00072
1.00061
0
0
0
1.01441
0
0
1.02404
1.0031
1.00208
1.0007
1.00076
1.00105
0
0
0
0
1.03603
0
1.00545
1.00158
1.00042
1.00063
1.00018
1.00003
0
0
0
0
1.02014
0
1.00626
1.00199
1.00033
1.00119
1.00032
1.0001
0
0
0
1.00688
0
0
1.01384
1.00229
1.0005
1.00355
1.00098
1.00067
0
0
0
0
0
1.00044
1.00968
1.00244
1.0006
1.00149
1.00037
1.00028
0
0
0
0
1.00319
0
1.0167
1.00228
1.00068
1.00227
1.00053
1.00035
0
0
0
0
0
1.04378
1.00202
1.00065
1.00044
1.00263
1.00016
1.00015
0
1.01416
0
0
0
1.01676
1.00332
1.00082
1.00247
1.00393
1.00024
1.00014
0
0
1.01499
0
0
0
1.00192
1.00098
1.00045
1.00628
1.00023
1.00079
0
0
0
0
1.00096
0
1.00262
1.00195
1.00012
1.00226
1.00013
1.00028
0
0
0
0
0
1.00042
1.00233
1.00085
1.00309
1.00106
1.00021
1.00019
0
0
0
0
0
1.04641
1.00227
1.00057
1.00109
1.00019
1.00009
1.00013
0
0
0
0
1.02425
0
1.00238
1.00153
1.00016
1.0009
1.00023
1.00039
0
0
0
1.02238
0
0
1.00203
1.0037
1.00139
1.00072
1.00026
1.00019
0
1.00284
0
0
1.0023
0
1.0007
1.00188
1.00376
1.00058
1.0002
1.00027
0
0
0
0
0
0
1.00099
1.00088
1.00028
1.00103
1.00039
1.00013
0
0
0
0
0
1.04423
1.02588
1.00183
1.00115
1.00116
1.00036
1.00044
0
0
0
0
0
1.0281
1.00145
1.00082
1.00488
1.00018
1.00018
1.00023
0
1.01821
0
0
0
1.00935
1.0008
1.0005
1.00061
1.00017
1.0001
1.00012
0
0
1.00297
0
0
0
1.00803
1.00199
1.00086
1.00023
1.00022
1.00017
0
0
0
0
1.00035
0
1.00539
1.00089
1.00085
1.00111
1.00024
1.00036
0
0
1.01456
0
0
0
1.01949
1.00129
1.00145
1.00105
1.00103
1.00036
0
0
0
0
1.03592
0
1.0028
1.00136
1.00013
1.00084
1.00009
1.00014
0
0
0
0
1.01964
0
1.00129
1.00093
1.00064
1.00093
1.00025
1.00017
0
0
1.00854
0
0
0
1.00069
1.00045
1.00061
1.00069
1.00028
1.00034
0
0
0
0
0
1.00045
1.00061
1.00127
1.01396
1.002
1.00037
1.00021
0
0
0
0
1.00192
0
1.00569
1.00245
1.0021
1.00097
1.00016
1.00022
0
0
0
0
0
1.04806
1.00232
1.00134
1.00058
1.00036
1.00028
1.00029
0
0
1.01403
0
0
1.01797
1.00104
1.00071
1.00575
1.0002
1.00021
1.00028
0
1.01446
0
0
0
1.00467
1.0097
1.00185
1.00098
1.00011
1.0002
1.0005
0
0
0
0
1.00089
0
1.00723
1.00149
1.00374
1.00029
1.00007
1.00011
0
0
0
0
1.00029
0
1.00473
1.0007
1.00946
1.00032
1.00012
1.0001
0
0
0
0
0
1.04599
1.00279
1.00133
1.0008
1.00069
1.00011
1.00014
0
0
0
0
1.02267
0
1.00223
1.00026
1.00447
1.00075
1.00035
1.00021
0
0
0
1.02012
0
0
1.00092
1.00112
1.00297
1.00066
1.0004
1.00019
0
0
1.00327
0
0
0
1.00067
1.00188
1.00228
1.00032
1.00009
1.00029
0
0
0
0
0
0
1.00082
1.00146
1.00087
1.00075
1.00054
1.00147
0
1.01076
0
0
0
1.04246
1.01368
1.002
1.00179
1.00082
1.00062
1.00025
0
0
0
0
1.0297
0
1.00133
1.00074
1.00379
1.00049
1.00021
1.00015
0
1.02212
0
0
0
1.01173
1.00093
1.00053
1.00017
1.00127
1.00019
1.00011
0
0
1.00475
0
0
1.00277
1.00908
1.00197
1.00044
1.00041
1.0006
1.00041
0
0
0
0
1.0005
0
1.00769
1.00251
1.00022
1.0003
1.00022
1.00071
0
0
0
0
1.01342
1.01214
0
1.00315
1.00185
1.0006
1.00193
1.00178
0
0
0
0
0
1.03736
1.00466
1.00112
1.00153
1.00071
1.00019
1.00007
0
0
0
0
1.01819
0
1.00541
1.00304
1.00032
1.00072
1.00026
1.0002
0
0
0
1.00872
0
0
1.01848
1.00259
1.0004
1.00216
1.00046
1.00055
0
0
0
0
1.00115
0
1.01124
1.00126
1.00045
1.002
1.00032
1.00028
0
0
0
0
1.00141
0
1.01272
1.00114
1.00028
1.0033
1.00076
1.00196
0
0
0
0
0
1.04659
1.00226
1.00047
1.00186
1.00271
1.00026
1.00028
0
0
0
0
1.01893
0
1.00341
1.00076
1.00329
1.00209
1.0002
1.00025
0
0
0
1.01137
0
1.00426
1.00222
1.00181
1.00094
1.00191
1.00017
1.00034
0
0
0
0
0
0
1.00246
1.00057
1.0031
1.00077
1.00025
1.00014
0
0
1.00029
0
0
1.0004
1.00196
1.00088
1.00022
1.00205
1.00036
1.00013
0
0
0
0
0
1.04651
1.00189
1.00081
1.00124
1.00059
1.0002
1.00014
0
0
0
0
1.02536
0
1.00266
1.00131
1.00031
1.00048
1.00015
1.00035
0
0
0
1.02204
0
0
1.00311
1.00183
1.00134
1.00076
1.00058
1.00064
0
0
0
0
0
1.00173
1.00092
1.00169
1.00025
1.00051
1.00057
1.00016
0
0
0
0
1.00016
0
1.00115
1.00201
1.00202
1.00099
1.00047
1.00021
0
0
0
0
0
1.04601
1.01716
1.00208
1.00066
1.00077
1.00101
1.00082
0
1.00954
0
0
0
1.02618
1.00116
1.00117
1.00042
1.00016
1.00019
1.00024
0
0
1.02315
0
1.01171
0
1.0007
1.00088
1.0005
1.0002
1.00011
1.00006
0
0
0
1.00456
0
0
1.01198
1.00257
1.00079
1.00028
1.00101
1.00051
0
0
0
0
0
1.0005
1.00912
1.00189
1.00027
1.00091
1.00035
1.00026
0
0
1.01657
0
0
0
1.04629
1.00307
1.0029
1.00067
1.00077
1.00042
0
0
0
0
1.03513
0
1.00152
1.00092
1.00085
1.00093
1.00023
1.0001
0
0
0
0
1.02287
0
1.00204
1.00227
1.00013
1.00032
1.00024
1.00014
0
0
1.00926
0
0
0
1.00169
1.00111
1.00113
1.00068
1.00097
1.00122
0
0
0
0
1.00047
0
1.00263
1.0041
1.00016
1.0007
1.00081
1.00037
0
0
0
1.00355
0
0
1.01088
1.00431
1.00091
1.00082
1.00057
1.00023
0
0
0
0
0
1.04168
1.00119
1.00157
1.00023
1.00042
1.00017
1.00019
0
1.01574
0
0
0
1.01835
1.00074
1.00061
1.00075
1.00023
1.00015
1.00017
0
1.0165
0
0
1.00442
0
1.01125
1.00674
1.00026
1.00066
1.00065
1.00085
0
0
0
0
1.00087
0
1.0081
1.00106
1.0002
1.00027
1.00023
1.00018
0
1.00037
0
0
1.00019
0
1.0064
1.00358
1.00137
1.00073
1.00031
1.00025
0
0
0
0
0
1.04624
1.00273
1.00107
1.00068
1.00057
1.00009
1.00013
0
0
0
0
1.02484
0
1.00286
1.00035
1.00011
1.00052
1.00012
1.00019
0
0
0
1.02059
0
0
1.00171
1.0023
1.00027
1.00087
1.00067
1.0003
0
0
1.00081
0
0
1.00142
1.00054
1.00355
1.01644
1.00108
1.00109
1.00033
0
1.0008
0
0
1.0005
0
1.00067
1.00265
1.00235
1.00109
1.00051
1.00082
0
0
0
0
0
1.04856
1.01611
1.00147
1.00112
1.0004
1.00047
1.00071
0
0
0
0
0
1.02684
1.00093
1.00056
1.00701
1.0002
1.00022
1.00023
0
1.02016
0
0
0
1.00972
1.00049
1.00065
1.00619
1.00115
1.00015
1.0001
0
0
0
1.00509
0
0
1.00963
1.00221
1.00156
1.00035
1.00054
1.00062
0
0
0
0
0
1.00036
1.00656
1.00095
1.00102
1.00085
1.00086
1.00057
0
0
1.01588
0
0
1.0264
1.02661
1.00364
1.00082
1.00088
1.00069
1.00124
0
0
0
0
1.03545
0
1.00493
1.00113
1.00042
1.00053
1.00025
1.00009
0
0
0
0
1.0203
0
1.00575
1.00096
1.00042
1.00113
1.00027
1.0003
0
0
1.00763
0
1.00311
0
1.0124
1.00249
1.00037
1.00244
1.00038
1.00035
0
0
0
0
0
1.00045
1.00978
1.00218
1.00057
1.00062
1.00012
1.00025
0
0
0
0
1.00394
0
1.01808
1.00079
1.0006
1.00359
1.00058
1.00029
0
0
0
0
0
1.04154
1.00256
1.00064
1.00031
1.00254
1.00046
1.00016
0
1.01468
0
0
0
1.01692
1.00288
1.00048
1.00017
1.00478
1.00017
1.00012
0
0
1.01274
0
1.00454
0
1.00208
1.00058
1.00056
1.00124
1.00063
1.00069
0
0
0
0
1.00065
0
1.00252
1.00035
1.00011
1.00186
1.00027
1.00021
0
1.00028
0
0
0
1.00026
1.00242
1.00023
1.00293
1.00251
1.00031
1.00015
0
0
0
0
0
1.04599
1.00256
1.00128
1.00128
1.00057
1.00022
1.0001
0
0
0
0
1.02445
0
1.00285
1.00242
1.0001
1.00019
1.00013
1.0002
0
0
0
1.02179
0
0
1.00171
1.00492
1.00125
1.00072
1.00051
1.00044
0
1.00348
0
0
0
1.00192
1.00071
1.00033
1.00188
1.00114
1.00044
1.00022
0
0
0
0
0
0
1.00103
1.00213
1.00045
1.00093
1.00027
1.00016
0
0
0
0
0
1.04528
1.0219
1.00165
1.00086
1.00047
1.001
1.00085
0
0
0
1.00946
0
1.02658
1.00147
1.0009
1.00346
1.00021
1.00017
1.00017
0
1.01665
0
0
0
1.00821
1.00042
1.00057
1.00017
1.00093
1.00017
1.0001
0
0
0
1.00362
0
0
1.00693
1.00341
1.00084
1.00017
1.00055
1.00031
0
0
0
0
1.00018
0
1.00505
1.00079
1.00099
1.0007
1.00048
1.00058
0
0
0
1.01527
0
0
1.03261
1.01653
1.00132
1.00046
1.00107
1.00058
0
0
0
0
0
1.03588
1.00112
1.0007
1.00014
1.00062
1.00008
1.00018
0
0
0
0
1.01916
0
1.0019
1.00158
1.00061
1.00034
1.00038
1.00019
0
0
0
1.00617
0
0
1.00067
1.00094
1.00948
1.00107
1.00084
1.00045
0
0
0
0
0
1.00062
1.00061
1.00339
1.01354
1.00118
1.00031
1.0003
0
1.00298
0
0
0
0
1.00867
1.00423
1.00065
1.00043
1.00026
1.00019
0
0
0
0
0
1.04489
1.00347
1.00092
1.00034
1.00029
1.00058
1.00007
0
1.01382
0
0
0
1.01705
1.00117
1.00077
1.00594
1.00065
1.00034
1.00041
0
0
1.01732
0
0
0
1.01054
1.00202
1.00073
1.00036
1.00052
1.0009
0
0
0
0
1.00116
0
1.00757
1.00073
1.00376
1.00029
1.00027
1.0001
0
0
0
0
0
1.0003
1.00518
1.00122
1.00248
1.0004
1.00011
1.00037
0
0
0
0
0
1.04392
1.00837
1.00147
1.0005
1.00047
1.0002
1.00018
0
0
0
0
1.02369
0
1.0024
1.00132
1.00461
1.00092
1.00023
1.00024
0
0
0
1.02043
0
0
1.00162
1.00056
1.00282
1.00055
1.00033
1.00037
0
0
1.0024
0
0
0
1.00062
1.00091
1.00179
1.00046
1.00065
1.00033
0
0
0
0
1.00033
0
1.00076
1.00166
1.00039
1.00052
1.00039
1.0029
0
1.01162
0
0
0
1.04296
1.0247
1.00159
1.00367
1.00036
1.00104
1.00093
0
0
0
0
0
1.02851
1.00115
1.00107
1.00066
1.00013
1.00028
1.00016
0
1.02203
0
0
0
1.01129
1.00103
1.00055
1.00065
1.00018
1.0001
1.00014
0
0
1.00418
0
0
0
1.01036
1.00189
1.00053
1.00045
1.00097
1.00048
0
0
0
0
1.0006
0
1.00872
1.00182
1.00096
1.0016
1.00047
1.00056
0
0
0
1.01505
0
1.02093
1.02264
1.0013
1.00224
1.00142
1.00171
1.00063
0
0
0
0
1.03678
0
1.00542
1.00082
1.00192
1.00008
1.00026
1.00004
0
0
0
0
1.01969
0
1.0062
1.00148
1.0001
1.00088
1.00015
1.00044
0
0
1.01057
0
0
0
1.01196
1.00327
1.00041
1.00333
1.00084
1.00072
0
0
0
0
0
1.00099
1.01066
1.00248
1.00033
1.00167
1.00037
1.00045
0
0
0
0
1.00218
0
1.01293
1.00208
1.00029
1.00159
1.00055
1.00171
0
0
0
0
0
1.04517
1.00137
1.00068
1.00162
1.00267
1.00022
1.00021
0
1.01409
0
0
0
1.01773
1.00335
1.00072
1.0002
1.00358
1.00013
1.00014
0
0
1.01664
0
0
1.00414
1.00219
1.00109
1.00081
1.00566
1.0007
1.00099
0
0
0
0
1.00105
0
1.00296
1.0005
1.00013
1.00086
1.00036
1.0001
0
0
0
0
0
1.00041
1.00267
1.00065
1.00019
1.00159
1.00027
1.0003
0
0
0
0
0
1.04495
1.00251
1.00107
1.0003
1.00072
1.00007
1.00017
0
0
0
0
1.02426
0
1.00245
1.00145
1.00078
1.00059
1.00017
1.00023
0
0
0
1.02325
0
0
1.00215
1.00057
1.00118
1.00039
1.0004
1.00027
0
1.00311
0
0
1.00261
0
1.00129
1.00095
1.00021
1.00023
1.00021
1.00034
0
0
0
0
1.00022
0
1.00076
1.00195
1.00243
1.00071
1.00055
1.00022
0
1.01236
0
0
0
1.04065
1.02851
1.00105
1.00121
1.0005
1.00115
1.00083
0
0
0
0
0
1.03024
1.00121
1.00106
1.00074
1.00027
1.00014
1.00021
0
1.022
0
0
0
1.0118
1.00099
1.0005
1.00116
1.00117
1.00014
1.0001
0
0
1.00713
0
0
0
1.01153
1.00252
1.00093
1.00029
1.00058
1.00069
0
0
0
0
0
1.00049
1.00867
1.00181
1.00036
1.0004
1.00044
1.00092
0
0
0
1.0131
0
0
1.02711
1.00477
1.00222
1.00112
1.00108
1.00015
0
0
0
0
0
1.03596
1.00058
1.00159
1.00005
1.00093
1.00014
1.00006
0
0
0
1.01561
1.01753
0
1.00174
1.00066
1.00011
1.00029
1.00023
1.00059
0
0
1.0109
0
0
0
1.0009
1.00473
1.00052
1.00083
1.00062
1.00058
0
0
0
0
1.00048
0
1.00053
1.0034
1.00041
1.0002
1.00031
1.00025
0
0
1.00086
0
1.00061
1.00053
1.00085
1.00412
1.00065
1.00027
1.0005
1.00018
0
0
0
0
0
1.04082
1.00157
1.00076
1.00035
1.00055
1.00015
1.00024
0
0
0
0
1.01934
0
1.00085
1.00104
1.00007
1.00076
1.00005
1.0001
0
0
1.01414
0
0
1.00552
1.00849
1.00408
1.0002
1.00028
1.00137
1.00154
0
0
0
0
0
1.00074
1.00707
1.00134
1.00065
1.00023
1.00017
1.00021
0
0
0
0
0
1.00019
1.00568
1.00055
1.00049
1.00031
1.00034
1.0002
0
0
0
0
0
1.03614
1.00332
1.00122
1.0002
1.00059
1.00018
1.0002
0
0
0
0
1.01817
0
1.00227
1.00055
1.00006
1.0002
1.00006
1.00022
0
0
0
1.01716
0
0
1.00131
1.0028
1.00072
1.00077
1.00011
1.00009
0
0
1.00241
0
0
0
1.0006
1.00375
1.00184
1.00095
1.00063
1.00015
0
1.00035
0
0
1.00013
0
1.00123
1.00202
1.00407
1.00096
1.00052
1.00051
0
1.00762
0
0
0
1.01923
1.0274
1.00233
1.00061
1.00071
1.00077
1.00042
0
0
0
0
1.02091
0
1.00112
1.00072
1.00425
1.00007
1.00009
1.00009
0
0
1.01207
0
0
1.00699
1.0005
1.00028
1.00025
1.00008
1.00011
1.00011
0
0
1.00321
0
0
1.00169
1.00674
1.00143
1.0017
1.00014
1.00026
1.0004
0
0
0
0
1.00022
0
1.00437
1.00023
1.00013
1.00028
1.00047
1.00135
0
0
0
1.00691
0
0
1.00911
1.0016
1.00104
1.00055
1.00084
1.00036
0
0
0
0
0
1.02163
1.00287
1.00053
1.00012
1.00027
1.00016
1.00003
0
0
0
0
1.00895
0
1.00337
1.00054
1.00053
1.00039
1.00012
1.00013
0
0
1.00487
0
0
0
1.00649
1.00192
1.00069
1.00162
1.00023
1.00036
0
0
0
0
0
1.00032
1.0046
1.00105
1.00037
1.00033
1.00014
1.00019
0
0
1.00037
0
1.00039
0
1.00684
1.00089
1.00144
1.00141
1.00022
1.00021
0
0
0
0
0
1.02361
1.00151
1.00026
1.00035
1.00124
1.00012
1.00014
0
0
0
0
1.00971
0
1.00124
1.00017
1.00007
1.00183
1.00006
1.00017
0
0
1.00717
0
1.00204
0
1.00068
1.00035
1.00023
1.00261
1.00043
1.00044
0
0
0
1.00032
0
1.00026
1.00104
1.00017
1.00006
1.00061
1.00011
1.00008
0
0
0
0
0
1.00007
1.00092
1.00013
1.00007
1.0008
1.00012
1.00012
0
0
0
0
0
1.01716
1.00138
1.00035
1.00031
1.00021
1.00009
1.00005
0
1.00363
0
0
0
1.00926
1.00079
1.00034
1.00025
1.00031
1.00002
1.00009
0
0
1.00772
0
0
0
1.00068
1.0009
1.00049
1.00025
1.00009
1.00007
0
0
0
1.0014
0
0
1.00028
1.0004
1.00123
1.00017
1.00029
1.00015
0
0
0
0
0
1.00011
1.00028
1.00054
1.00006
1.00032
1.00013
1.00008
0
1.00409
0
0
0
1.00826
1.01244
1.00096
1.00044
1.00021
1.00041
1.00015
0
0
0
0
1.00898
0
1.00038
1.00025
1.00095
1.00005
1.00004
1.00005
0
0
1.00477
0
1.003
0
1.00018
1.00073
1.00005
1.00027
1.00001
1.00002
0
0
1.00081
0
0
1.00054
1.00205
1.0005
1.00015
1.00007
1.00012
1.0001
0
0
0
0
1.00007
0
1.00126
1.00009
1.00017
1.00007
1.00005
1.00015
0
0
1.00199
0
0
0
1.0032
1.00075
1.00017
1.00012
1.00019
1.00007
0
0
0
0
0
1.00691
1.00057
1.00028
1.00009
1.00011
1.00002
1.00003
0
0
1.0024
0
0
1.0027
1.00028
1.00026
1.00035
1.00014
1.00004
1.00003
0
0
1.00154
0
0
0
1.00013
1.00008
1.00065
1.00008
1.00009
1.00012
0
1.00008
0
0
1.00007
0
1.00008
1.00013
1.00157
1.00014
1.00006
1.00003
0
1.00007
0
0
1.00007
0
1.0001
1.0002
1.00022
1.00011
1.00003
1.00003
0
0
0
0
0
1.00477
1.00047
1.00013
1.00006
1.00009
1.00007
1.00004
0
0
0
0
1.00161
0
1.0001
1.00006
1.00067
1.00001
1.00003
1.00002
0
0
1.00092
0
0
1.00033
1.00043
1.00012
1.00004
1.00001
1.00002
1.00003
0
0
0
0
0
1.00004
1.00028
1.00006
1.00008
1.00001
1.00001
1
0
0
0
0
0
1
1.00011
1.00002
1.00022
1.00001
1.00001
1.00001
0
